,Unnamed: 0.2,Unnamed: 0.1,Unnamed: 0,Date,INTU,INTU_6m,INTU_12m,INTU_6m_ret,INTU_12m_ret
0,0,0,0,2019-02-05,217.09976196289065,,,,
1,1,1,1,2019-02-06,217.1868438720703,,,,
2,2,2,2,2019-02-07,213.69566345214844,,,,
3,3,3,3,2019-02-08,217.4285888671875,,,,
4,4,4,4,2019-02-11,218.0475006103516,,,,
5,5,5,5,2019-02-12,221.4226226806641,,,,
6,6,6,6,2019-02-13,221.0647888183593,217.09976196289065,,0.018263616779765846,
7,7,7,7,2019-02-14,223.1826934814453,217.1868438720703,,0.02760687296927955,
8,8,8,8,2019-02-15,225.6391143798828,213.69566345214844,,0.055890001391669886,
9,9,9,9,2019-02-19,226.9059600830078,217.4285888671875,,0.043588431793619486,
10,10,10,10,2019-02-20,228.20184326171875,218.0475006103516,,0.046569406312585215,
11,11,11,11,2019-02-21,227.2928009033203,221.4226226806641,,0.026511194527409243,
12,12,12,12,2019-02-22,242.6790466308593,221.0647888183593,217.09976196289065,0.09777340809467239,0.11782272093113111
13,13,13,13,2019-02-25,239.5650329589844,223.1826934814453,217.1868438720703,0.07340326985927814,0.10303657757509255
14,14,14,14,2019-02-26,240.71588134765625,225.6391143798828,213.69566345214844,0.0668180559439282,0.12644251857529287
15,15,15,15,2019-02-27,241.62489318847656,226.9059600830078,217.4285888671875,0.06486798804264193,0.11128391370864743
16,16,16,16,2019-02-28,238.9944305419922,228.20184326171875,218.0475006103516,0.047294040775541335,0.0960659024891668
17,17,17,17,2019-03-01,242.1664886474609,227.2928009033203,221.4226226806641,0.06543844629054996,0.09368449219713937
18,18,18,18,2019-03-04,240.8029022216797,242.6790466308593,221.0647888183593,-0.007730969917783659,0.08928655490014958
19,19,19,19,2019-03-05,238.955795288086,239.5650329589844,223.1826934814453,-0.0025430993136745794,0.07067349874040296
20,20,20,20,2019-03-06,238.78170776367188,240.71588134765625,225.6391143798828,-0.008035089222845793,0.058246077679875885
21,21,21,21,2019-03-07,237.3504333496093,241.62489318847656,226.9059600830078,-0.01769047792411449,0.046029964408077495
22,22,22,22,2019-03-08,237.7855987548828,238.9944305419922,228.20184326171875,-0.005057991453474409,0.0419968364680241
23,23,23,23,2019-03-11,242.29220581054688,242.1664886474609,227.2928009033203,0.0005191352601596755,0.06599155295554926
24,24,24,24,2019-03-12,242.0601043701172,240.8029022216797,242.6790466308593,0.005220876230470628,-0.002550456124395306
25,25,25,25,2019-03-13,245.29983520507807,238.955795288086,239.5650329589844,0.02654901049519931,0.023938394411155528
26,26,26,26,2019-03-14,248.317123413086,238.78170776367188,240.71588134765625,0.039933610236390304,0.03157765089230469
27,27,27,27,2019-03-15,249.6323699951172,237.3504333496093,241.62489318847656,0.0517460047246554,0.03314011524629823
28,28,28,28,2019-03-18,249.2358245849609,237.7855987548828,238.9944305419922,0.04815357149480426,0.042852019688254916
29,29,29,29,2019-03-19,247.6304931640625,242.29220581054688,242.1664886474609,0.022032435321876376,0.022563008396078832
30,30,30,30,2019-03-20,247.5627593994141,242.0601043701172,240.8029022216797,0.022732597937259236,0.0280721582479575
31,31,31,31,2019-03-21,252.040283203125,245.29983520507807,238.955795288086,0.027478404102520892,0.05475693903662937
32,32,32,32,2019-03-22,244.3617401123047,248.317123413086,238.78170776367188,-0.01592875773694169,0.023368759696431596
33,33,33,33,2019-03-25,245.473876953125,249.6323699951172,237.3504333496093,-0.016658468779804148,0.034225526740665924
34,34,34,34,2019-03-26,247.5627593994141,249.2358245849609,237.7855987548828,-0.006712779707062078,0.04111754747018925
35,35,35,35,2019-03-27,246.97286987304688,247.6304931640625,242.29220581054688,-0.002655663616434878,0.019318260968575807
36,36,36,36,2019-03-28,250.6864624023437,247.5627593994141,242.0601043701172,0.012617822690729863,0.035637256518061156
37,37,37,37,2019-03-29,252.804428100586,252.040283203125,245.29983520507807,0.0030318363705581497,0.03059355049804191
38,38,38,38,2019-04-01,257.00146484375,244.3617401123047,248.317123413086,0.051725465392562286,0.03497278524855196
39,39,39,39,2019-04-02,259.42889404296875,245.473876953125,249.6323699951172,0.05684929599457367,0.03924380499229008
40,40,40,40,2019-04-03,260.22186279296875,247.5627593994141,249.2358245849609,0.05113492604568459,0.04407888884474098
41,41,41,41,2019-04-04,253.9841766357422,246.97286987304688,247.6304931640625,0.02838897554334352,0.025657920357450514
42,42,42,42,2019-04-05,253.0848388671875,250.6864624023437,247.5627593994141,0.0095672356690506,0.022305776043092918
43,43,43,43,2019-04-08,252.1757659912109,252.804428100586,252.040283203125,-0.0024867527602204786,0.0005375441828745497
44,44,44,44,2019-04-09,250.82907104492188,257.00146484375,244.3617401123047,-0.0240169596020815,0.02646621737774879
45,45,45,45,2019-04-10,251.01315307617188,259.42889404296875,245.473876953125,-0.03243948981798073,0.022565644018017528
46,46,46,46,2019-04-11,251.49755859375,260.22186279296875,247.5627593994141,-0.03352640744932245,0.01589414823086366
47,47,47,47,2019-04-12,251.95291137695312,253.9841766357422,246.97286987304688,-0.00799760554257778,0.020164326172612324
48,48,48,48,2019-04-15,252.747299194336,253.0848388671875,250.6864624023437,-0.0013337016723812267,0.008220774158457456
49,49,49,49,2019-04-16,249.94744873046875,252.1757659912109,252.804428100586,-0.008836365588039241,-0.011301144491743242
50,50,50,50,2019-04-17,248.2810974121093,250.82907104492188,257.00146484375,-0.010158207029982824,-0.0339311973841957
51,51,51,51,2019-04-18,249.73426818847656,251.01315307617188,259.42889404296875,-0.005094891929058543,-0.0373691060521828
52,52,52,52,2019-04-22,253.4351806640625,251.49755859375,260.22186279296875,0.0077043374939571585,-0.026080368713314872
53,53,53,53,2019-04-23,257.397705078125,251.95291137695312,253.9841766357422,0.021610362314987475,0.013439925618982107
54,54,54,54,2019-04-24,255.80889892578125,252.747299194336,253.0848388671875,0.012113283667934294,0.01076342648886719
55,55,55,55,2019-04-25,255.6151123046875,249.94744873046875,252.1757659912109,0.02267542078547269,0.01363868688951042
56,56,56,56,2019-04-26,245.6749267578125,248.2810974121093,250.82907104492188,-0.010496854901406172,-0.02054843270613671
57,57,57,57,2019-04-29,240.0073089599609,249.73426818847656,251.01315307617188,-0.03894923711941145,-0.0438456868946272
58,58,58,58,2019-04-30,243.2334899902344,253.4351806640625,251.49755859375,-0.04025364847570556,-0.03285943867496843
59,59,59,59,2019-05-01,236.248291015625,257.397705078125,251.95291137695312,-0.08216628837495177,-0.06233156932182471
60,60,60,60,2019-05-02,238.28277587890625,255.80889892578125,252.747299194336,-0.06851256199636713,-0.05722919042671171
61,61,61,61,2019-05-03,241.10206604003903,255.6151123046875,249.94744873046875,-0.05677694927265975,-0.035388969702859985
62,62,62,62,2019-05-06,240.73391723632807,245.6749267578125,248.2810974121093,-0.02011198125381064,-0.030397723606215732
63,63,63,63,2019-05-07,236.7907867431641,240.0073089599609,249.73426818847656,-0.013401767765886752,-0.051829016254765325
64,64,64,64,2019-05-08,236.5098571777344,243.2334899902344,253.4351806640625,-0.0276427099441362,-0.06678363849083457
65,65,65,65,2019-05-09,233.7777404785156,236.248291015625,257.397705078125,-0.010457432417769308,-0.09176447238502106
66,66,66,66,2019-05-10,237.00396728515625,238.28277587890625,255.80889892578125,-0.005366768911572062,-0.07351163982016495
67,67,67,67,2019-05-13,229.54397583007807,241.10206604003903,255.6151123046875,-0.04793857804620205,-0.1019937211049291
68,68,68,68,2019-05-14,233.47743225097656,240.73391723632807,245.6749267578125,-0.03014317661863919,-0.04964891886936551
69,69,69,69,2019-05-15,235.56040954589844,236.7907867431641,240.0073089599609,-0.005196051815141711,-0.018528183301302348
70,70,70,70,2019-05-16,239.83290100097656,236.5098571777344,243.2334899902344,0.014050339647133203,-0.013980759760485184
71,71,71,71,2019-05-17,237.79840087890625,233.7777404785156,236.248291015625,0.017198645141153435,0.006561359054143345
72,72,72,72,2019-05-20,236.09323120117188,237.00396728515625,238.28277587890625,-0.003842703961527416,-0.009188849968942314
73,73,73,73,2019-05-21,238.40872192382807,229.54397583007807,241.10206604003903,0.038618944634435604,-0.01117097070318629
74,74,74,74,2019-05-22,239.81350708007807,233.47743225097656,240.73391723632807,0.02713784697739241,-0.003823350555735905
75,75,75,75,2019-05-23,233.7874450683593,235.56040954589844,236.7907867431641,-0.007526580892591284,-0.012683524203424335
76,76,76,76,2019-05-24,249.4533843994141,239.83290100097656,236.5098571777344,0.04011327619473848,0.05472722099676708
77,77,77,77,2019-05-28,247.7288360595703,237.79840087890625,233.7777404785156,0.0417598904953147,0.05967674917423049
78,78,78,78,2019-05-29,241.83839416503903,236.09323120117188,237.00396728515625,0.024334297661298798,0.020398084197747357
79,79,79,79,2019-05-30,240.34637451171875,238.40872192382807,229.54397583007807,0.008127440020880394,0.047060257811502026
80,80,80,80,2019-05-31,237.2170867919922,239.81350708007807,233.47743225097656,-0.010826830897472717,0.016017199199773957
81,81,81,81,2019-06-03,230.6484222412109,233.7874450683593,235.56040954589844,-0.013426823781022668,-0.0208523465982956
82,82,82,82,2019-06-04,239.3969573974609,249.4533843994141,239.83290100097656,-0.040313852731102884,-0.00181769724544123
83,83,83,83,2019-06-05,244.2604522705078,247.7288360595703,237.79840087890625,-0.014000726940922137,0.027174494730484833
84,84,84,84,2019-06-06,245.3067626953125,241.83839416503903,236.09323120117188,0.01434167863315583,0.03902497097127666
85,85,85,85,2019-06-07,249.4436798095703,240.34637451171875,238.40872192382807,0.03785081142302804,0.04628588164349101
86,86,86,86,2019-06-10,252.39859008789065,237.2170867919922,239.81350708007807,0.06399835484536842,0.052478624582268374
87,87,87,87,2019-06-11,248.72674560546875,230.6484222412109,233.7874450683593,0.07838043368600034,0.0639012096339957
88,88,88,88,2019-06-12,249.36618041992188,239.3969573974609,249.4533843994141,0.04164306485278124,-0.0003495802620684385
89,89,89,89,2019-06-13,249.17237854003903,244.2604522705078,247.7288360595703,0.02010938006489682,0.005827107184734892
90,90,90,90,2019-06-14,246.20782470703125,245.3067626953125,241.83839416503903,0.003673204936620156,0.01806756349453087
91,91,91,91,2019-06-17,246.7987518310547,249.4436798095703,240.34637451171875,-0.010603307249695826,0.02684616039016352
92,92,92,92,2019-06-18,250.1702880859375,252.39859008789065,237.2170867919922,-0.008828504157559758,0.054604840945979394
93,93,93,93,2019-06-19,254.462142944336,248.72674560546875,230.6484222412109,0.02305902939752502,0.10324683980808169
94,94,94,94,2019-06-20,258.3471984863281,249.36618041992188,239.3969573974609,0.03601538128098447,0.0791582369921473
95,95,95,95,2019-06-21,253.35777282714844,249.17237854003903,244.2604522705078,0.016797183988179754,0.037244345009914914
96,96,96,96,2019-06-24,254.16183471679688,246.20782470703125,245.3067626953125,0.032306081332834635,0.03609795312688946
97,97,97,97,2019-06-25,249.46304321289065,246.7987518310547,249.4436798095703,0.010795400552348733,7.76263537127786e-05
98,98,98,98,2019-06-26,248.50390625,250.1702880859375,252.39859008789065,-0.00666099019466726,-0.015430687772599816
99,99,99,99,2019-06-27,249.94744873046875,254.462142944336,248.72674560546875,-0.017742105610007552,0.0049078080526823165
100,100,100,100,2019-06-28,253.18328857421875,258.3471984863281,249.36618041992188,-0.019988255891161377,0.015307240732761018
101,101,101,101,2019-07-01,255.9638519287109,253.35777282714844,249.17237854003903,0.010286162024878642,0.02725612456912252
102,102,102,102,2019-07-02,258.0274658203125,254.16183471679688,246.20782470703125,0.015209329551082895,0.04800676472141263
103,103,103,103,2019-07-03,261.7477722167969,249.46304321289065,246.7987518310547,0.04924468508717128,0.060571701740110395
104,104,104,104,2019-07-05,262.1062316894531,248.50390625,250.1702880859375,0.05473686770045738,0.047711275766750605
105,105,105,105,2019-07-08,262.6778564453125,249.94744873046875,254.462142944336,0.05093233709527323,0.032286584581556754
106,106,106,106,2019-07-09,262.697265625,253.18328857421875,258.3471984863281,0.03757742900156824,0.01683806584379144
107,107,107,107,2019-07-10,266.7054443359375,255.9638519287109,253.35777282714844,0.041965270979818836,0.05268309458141407
108,108,108,108,2019-07-11,270.0148620605469,258.0274658203125,254.16183471679688,0.046457830379120546,0.062373752382667735
109,109,109,109,2019-07-12,273.3436279296875,261.7477722167969,249.46304321289065,0.04430164052470387,0.09572794594835932
110,110,110,110,2019-07-15,274.2171936035156,262.1062316894531,248.50390625,0.04620631045663859,0.10347236685948724
111,111,111,111,2019-07-16,272.5964660644531,262.6778564453125,249.94744873046875,0.037759595549332614,0.09061511709370551
112,112,112,112,2019-07-17,272.35382080078125,262.697265625,253.18328857421875,0.036759252719310576,0.07571799993008943
113,113,113,113,2019-07-18,274.53741455078125,266.7054443359375,255.9638519287109,0.029365618067318966,0.0725632251668229
114,114,114,114,2019-07-19,271.0824584960937,270.0148620605469,258.0274658203125,0.003953843234404619,0.050595360591854766
115,115,115,115,2019-07-22,272.8584289550781,273.3436279296875,261.7477722167969,-0.0017750513457521766,0.04244795149231928
116,116,116,116,2019-07-23,273.5863342285156,274.2171936035156,262.1062316894531,-0.002300582858098088,0.043799426152767884
117,117,117,117,2019-07-24,273.062255859375,272.5964660644531,262.6778564453125,0.0017087154563908413,0.039532831410265645
118,118,118,118,2019-07-25,273.29522705078125,272.35382080078125,262.697265625,0.003456556060906557,0.040342869197998565
119,119,119,119,2019-07-26,275.4012145996094,274.53741455078125,266.7054443359375,0.003146383709635936,0.03260439727926534
120,120,120,120,2019-07-29,273.05255126953125,271.0824584960937,270.0148620605469,0.007267503712218071,0.011250081517006238
121,121,121,121,2019-07-30,271.37359619140625,272.8584289550781,273.3436279296875,-0.005441769819455877,-0.007207161744366752
122,122,122,122,2019-07-31,269.1317138671875,273.5863342285156,274.2171936035156,-0.016282320437859932,-0.01854544446866857
123,123,123,123,2019-08-01,269.7625427246094,273.062255859375,272.5964660644531,-0.012084105598486494,-0.01039603844010839
124,124,124,124,2019-08-02,266.5404968261719,273.29522705078125,272.35382080078125,-0.024715873370720343,-0.021344749111713912
125,125,125,125,2019-08-05,255.7581024169922,275.4012145996094,274.53741455078125,-0.07132543772973265,-0.06840347121545232
126,126,126,126,2019-08-06,262.1246643066406,273.05255126953125,271.0824584960937,-0.040021186076022675,-0.03304453648217942
127,127,127,127,2019-08-07,260.64947509765625,271.37359619140625,272.8584289550781,-0.03951792379309449,-0.04474464616752549
128,128,128,128,2019-08-08,268.5396728515625,269.1317138671875,273.5863342285156,-0.0021998188437842847,-0.018446321126324383
129,129,129,129,2019-08-09,268.41357421875,269.7625427246094,273.062255859375,-0.005000577516191651,-0.017024255607919092
130,130,130,130,2019-08-12,264.6091613769531,266.5404968261719,273.29522705078125,-0.007245936254400731,-0.031782719982205054
131,131,131,131,2019-08-13,270.9174499511719,255.7581024169922,275.4012145996094,0.05927220835202962,-0.01628084558361953
132,132,132,132,2019-08-14,259.98956298828125,262.1246643066406,273.05255126953125,-0.008145365961677253,-0.047840564830890275
133,133,133,133,2019-08-15,260.5233154296875,260.64947509765625,271.37359619140625,-0.00048402041830886144,-0.039982816729398296
134,134,134,134,2019-08-16,262.9690246582031,268.5396728515625,269.1317138671875,-0.020744227972745777,-0.022898413272935847
135,135,135,135,2019-08-19,266.1426086425781,268.41357421875,269.7625427246094,-0.00846069571101904,-0.013418964862466853
136,136,136,136,2019-08-20,264.7935485839844,264.6091613769531,266.5404968261719,0.0006968285076440761,-0.006554156921703358
137,137,137,137,2019-08-21,268.0932312011719,270.9174499511719,255.7581024169922,-0.010424646882321587,0.0482296696277027
138,138,138,138,2019-08-22,267.57891845703125,259.98956298828125,262.1246643066406,0.029191000521402,0.020807863177690455
139,139,139,139,2019-08-23,270.5194702148437,260.5233154296875,260.64947509765625,0.03836952085716128,0.03786692880731679
140,140,140,140,2019-08-26,274.43072509765625,262.9690246582031,268.5396728515625,0.04358574343252242,0.021937362861650822
141,141,141,141,2019-08-27,274.8576965332031,266.1426086425781,268.41357421875,0.03274593247235025,0.024008183390908933
142,142,142,142,2019-08-28,273.62518310546875,264.7935485839844,264.6091613769531,0.033352906703024265,0.03407297646687191
143,143,143,143,2019-08-29,278.477783203125,268.0932312011719,270.9174499511719,0.03873485337703575,0.027906409326220016
144,144,144,144,2019-08-30,279.8558044433594,267.57891845703125,259.98956298828125,0.045881364859091445,0.07641168832601775
145,145,145,145,2019-09-03,275.8184814453125,270.5194702148437,260.5233154296875,0.019588280378711298,0.05870939416841936
146,146,146,146,2019-09-04,277.8662414550781,274.43072509765625,262.9690246582031,0.012518701600191973,0.05665008194876875
147,147,147,147,2019-09-05,283.6893310546875,274.8576965332031,266.1426086425781,0.0321316617030496,0.06592977539975231
148,148,148,148,2019-09-06,279.31231689453125,273.62518310546875,264.7935485839844,0.02078439463983983,0.05483052131816568
149,149,149,149,2019-09-09,267.7632751464844,278.477783203125,268.0932312011719,-0.038475270570598186,-0.0012307511577563934
150,150,150,150,2019-09-10,259.6692810058594,279.8558044433594,267.57891845703125,-0.07213187333259541,-0.02956001727184654
151,151,151,151,2019-09-11,258.28143310546875,275.8184814453125,270.5194702148437,-0.0635818464663721,-0.045239025123240184
152,152,152,152,2019-09-12,260.3388977050781,277.8662414550781,274.43072509765625,-0.06307834898624631,-0.051349306414445905
153,153,153,153,2019-09-13,257.3983154296875,283.6893310546875,274.8576965332031,-0.09267537671316872,-0.06352152886286921
154,154,154,154,2019-09-16,257.9804992675781,279.31231689453125,273.62518310546875,-0.07637263499199021,-0.057175599337508265
155,155,155,155,2019-09-17,260.6203918457031,267.7632751464844,278.477783203125,-0.026676112685257602,-0.0641250126025188
156,156,156,156,2019-09-18,260.3582763671875,259.6692810058594,279.8558044433594,0.0026533572190718946,-0.06966990774035575
157,157,157,157,2019-09-19,262.056640625,258.28143310546875,275.8184814453125,0.014616643070853863,-0.049894556551102975
158,158,158,158,2019-09-20,261.2414855957031,260.3388977050781,277.8662414550781,0.0034669728518537113,-0.05983006705786775
159,159,159,159,2019-09-23,261.0668334960937,257.3983154296875,283.6893310546875,0.01425230021526036,-0.07974391378938683
160,160,160,160,2019-09-24,257.0392150878906,257.9804992675781,279.31231689453125,-0.0036486640748423227,-0.07974264097723616
161,161,161,161,2019-09-25,258.5725402832031,260.6203918457031,267.7632751464844,-0.007857602960371635,-0.03432410534362229
162,162,162,162,2019-09-26,261.7655944824219,260.3582763671875,259.6692810058594,0.005405313535144174,0.008073012981905991
163,163,163,163,2019-09-27,255.4281311035156,262.056640625,258.28143310546875,-0.025294186423498122,-0.011047259447364177
164,164,164,164,2019-09-30,258.0970458984375,261.2414855957031,260.3388977050781,-0.012036525095144968,-0.008611282549026877
165,165,165,165,2019-10-01,256.50537109375,261.0668334960937,257.3983154296875,-0.017472393337976233,-0.0034691149180478
166,166,166,166,2019-10-02,252.7689666748047,257.0392150878906,257.9804992675781,-0.016613217604270147,-0.020201265628872256
167,167,167,167,2019-10-03,255.2437896728516,258.5725402832031,260.6203918457031,-0.01287356579591048,-0.020630013387573642
168,168,168,168,2019-10-04,259.2130432128906,261.7655944824219,260.3582763671875,-0.009751286354413025,-0.004398681579385388
169,169,169,169,2019-10-07,258.892822265625,255.4281311035156,262.056640625,0.013564250527696498,-0.012073032577344156
170,170,170,170,2019-10-08,253.2930145263672,258.0970458984375,261.2414855957031,-0.01861327531025181,-0.030425761250022054
171,171,171,171,2019-10-09,256.735595703125,256.50537109375,261.0668334960937,0.0008975430354276615,-0.0165905325275012
172,172,172,172,2019-10-10,260.1684875488281,252.7689666748047,257.0392150878906,0.029273850233138665,0.012174299784830422
173,173,173,173,2019-10-11,262.6385803222656,255.2437896728516,258.5725402832031,0.028971481182331615,0.015724949117215337
174,174,174,174,2019-10-14,261.6563415527344,259.2130432128906,261.7655944824219,0.009425831005876795,-0.0004173693258028299
175,175,175,175,2019-10-15,265.9742126464844,258.892822265625,255.4281311035156,0.02735259447862881,0.041287862450416046
176,176,176,176,2019-10-16,261.743896484375,253.2930145263672,258.0970458984375,0.033364054566645374,0.014129764923278332
177,177,177,177,2019-10-17,259.1959533691406,256.735595703125,256.50537109375,0.009583235465566942,0.010489379867243631
178,178,178,178,2019-10-18,255.24771118164065,260.1684875488281,252.7689666748047,-0.018913806255125176,0.00980636404636237
179,179,179,179,2019-10-21,254.98513793945312,262.6385803222656,255.2437896728516,-0.029140586936700186,-0.001013351720447253
180,180,180,180,2019-10-22,246.3592071533203,261.6563415527344,259.2130432128906,-0.05846269312120256,-0.04958792158083458
181,181,181,181,2019-10-23,248.9265594482422,265.9742126464844,258.892822265625,-0.06409513549684165,-0.03849570926751067
182,182,182,182,2019-10-24,251.77593994140625,261.743896484375,253.2930145263672,-0.03808286144148465,-0.005989405542026982
183,183,183,183,2019-10-25,250.57980346679688,259.1959533691406,256.735595703125,-0.03324183803931857,-0.023977166934990746
184,184,184,184,2019-10-28,251.493896484375,255.24771118164065,260.1684875488281,-0.014706555760628737,-0.0333422050694171
185,185,185,185,2019-10-29,251.37722778320312,254.98513793945312,262.6385803222656,-0.01414949194845505,-0.04287775438492114
186,186,186,186,2019-10-30,253.1277313232422,246.3592071533203,261.6563415527344,0.02747420828363656,-0.032594701045200236
187,187,187,187,2019-10-31,250.4144592285156,248.9265594482422,265.9742126464844,0.005977264071665989,-0.058500984975749515
188,188,188,188,2019-11-01,249.42251586914065,251.77593994140625,261.743896484375,-0.009347295348448692,-0.047074185036325655
189,189,189,189,2019-11-04,247.06912231445312,250.57980346679688,259.1959533691406,-0.014010231885304036,-0.04678634406539817
190,190,190,190,2019-11-05,246.19390869140625,251.493896484375,255.24771118164065,-0.021074021545083643,-0.035470651032758926
191,191,191,191,2019-11-06,246.44674682617188,251.37722778320312,254.98513793945312,-0.01961387274619586,-0.03348583836015062
192,192,192,192,2019-11-07,252.21356201171875,253.1277313232422,246.3592071533203,-0.003611494113049396,0.023763491229110034
193,193,193,193,2019-11-08,249.7823944091797,250.4144592285156,248.9265594482422,-0.002524074773011087,0.0034381022372000913
194,194,194,194,2019-11-11,250.92984008789065,249.42251586914065,251.77593994140625,0.006043256413710507,-0.0033605270373034957
195,195,195,195,2019-11-12,252.82620239257807,247.06912231445312,250.57980346679688,0.02330149564702677,0.00896480440443348
196,196,196,196,2019-11-13,254.5475311279297,246.19390869140625,251.493896484375,0.033931068729220026,0.012141983110689258
197,197,197,197,2019-11-14,257.4941101074219,246.44674682617188,251.37722778320312,0.044826573787326573,0.024333478327218216
198,198,198,198,2019-11-15,258.72918701171875,252.21356201171875,253.1277313232422,0.025833761467978666,0.022128968877469735
199,199,199,199,2019-11-18,261.0145263671875,249.7823944091797,250.4144592285156,0.04496766869648927,0.04233009216532024
200,200,200,200,2019-11-19,264.76824951171875,250.92984008789065,249.42251586914065,0.055148520474811,0.061525053538587615
201,201,201,201,2019-11-20,265.95477294921875,252.82620239257807,247.06912231445312,0.05192725450289837,0.07643873284468627
202,202,202,202,2019-11-21,263.6888427734375,254.5475311279297,246.19390869140625,0.035912002779997954,0.07106160414374996
203,203,203,203,2019-11-22,252.660873413086,257.4941101074219,246.44674682617188,-0.01877028057969765,0.025214885840214363
204,204,204,204,2019-11-25,249.9962921142578,258.72918701171875,252.21356201171875,-0.033753033425894086,-0.008791239772260595
205,205,205,205,2019-11-26,258.5638427734375,261.0145263671875,249.7823944091797,-0.009389069749713652,0.03515639436890239
206,206,206,206,2019-11-27,254.9365234375,264.76824951171875,250.92984008789065,-0.03713332732436858,0.015967345088196527
207,207,207,207,2019-11-29,251.76629638671875,265.95477294921875,252.82620239257807,-0.05334920823251832,-0.004192231643038058
208,208,208,208,2019-12-02,249.49058532714844,263.6888427734375,254.5475311279297,-0.05384474100972203,-0.01986641071855355
209,209,209,209,2019-12-03,246.6995849609375,252.660873413086,257.4941101074219,-0.023594030890576878,-0.041921444890452464
210,210,210,210,2019-12-04,247.25387573242188,249.9962921142578,258.72918701171875,-0.010969828226822465,-0.044352596673900235
211,211,211,211,2019-12-05,246.79684448242188,258.5638427734375,261.0145263671875,-0.04550906331217497,-0.05447084529220647
212,212,212,212,2019-12-06,249.13075256347656,254.9365234375,264.76824951171875,-0.022773397847196897,-0.05906107313501752
213,213,213,213,2019-12-09,248.73208618164065,251.76629638671875,265.95477294921875,-0.01205169337049583,-0.06475795330383705
214,214,214,214,2019-12-10,245.37698364257807,249.49058532714844,263.6888427734375,-0.016488003662247785,-0.0694449523850088
215,215,215,215,2019-12-11,244.9685821533203,246.6995849609375,252.660873413086,-0.0070166425609968774,-0.030445122570241567
216,216,216,216,2019-12-12,245.795150756836,247.25387573242188,249.9962921142578,-0.005899705196793392,-0.01680481467101813
217,217,217,217,2019-12-13,252.4955596923828,246.79684448242188,258.5638427734375,0.023090713424283038,-0.023469186627041005
218,218,218,218,2019-12-16,256.24932861328125,249.13075256347656,254.9365234375,0.02857365450293381,0.005149537453793318
219,219,219,219,2019-12-17,253.2346343994141,248.73208618164065,251.76629638671875,0.01810199997472539,0.005832146851141529
220,220,220,220,2019-12-18,255.9576416015625,245.37698364257807,249.49058532714844,0.04312000987996689,0.025921043336901928
221,221,221,221,2019-12-19,256.7841796875,244.9685821533203,246.6995849609375,0.04823311393778895,0.04087803685668656
222,222,222,222,2019-12-20,259.7503662109375,245.795150756836,247.25387573242188,0.05677579647577069,0.050541130817457036
223,223,223,223,2019-12-23,258.9528503417969,252.4955596923828,246.79684448242188,0.025573878040790143,0.04925511055406062
224,224,224,224,2019-12-24,257.0565185546875,256.24932861328125,249.13075256347656,0.0031500177806296215,0.031813679803305295
225,225,225,225,2019-12-26,259.5267333984375,253.2346343994141,248.73208618164065,0.024846913274505722,0.043398692072698086
226,226,226,226,2019-12-27,259.7113647460937,255.9576416015625,245.37698364257807,0.014665407608241754,0.0584177900091698
227,227,227,227,2019-12-30,255.6074981689453,256.7841796875,244.9685821533203,-0.004582375440678188,0.04342971626037473
228,228,228,228,2019-12-31,254.7225799560547,259.7503662109375,245.795150756836,-0.019356223932326833,0.03632060751292254
229,229,229,229,2020-01-02,258.8362121582031,258.9528503417969,252.4955596923828,-0.0004504224743608898,0.025111936517003164
230,230,230,230,2020-01-03,257.1050720214844,257.0565185546875,256.24932861328125,0.00018888245693937655,0.0033394952206666773
231,231,231,231,2020-01-06,259.0792541503906,259.5267333984375,253.2346343994141,-0.0017242125394453245,0.023079859375626066
232,232,232,232,2020-01-07,259.1376647949219,259.7113647460937,255.9576416015625,-0.0022089905527726827,0.012424021308609978
233,233,233,233,2020-01-08,265.3712463378906,255.6074981689453,256.7841796875,0.0381982071687581,0.033440793201671815
234,234,234,234,2020-01-09,267.8558959960937,254.7225799560547,259.7503662109375,0.051559292632419096,0.031205075486106848
235,235,235,235,2020-01-10,268.19696044921875,258.8362121582031,258.9528503417969,0.03616475536001995,0.035698043467065066
236,236,236,236,2020-01-13,268.9666748046875,257.1050720214844,257.0565185546875,0.04613523447803458,0.046332831071413505
237,237,237,237,2020-01-14,265.6927795410156,259.0792541503906,259.5267333984375,0.02552703578027904,0.023758809205646436
238,238,238,238,2020-01-15,266.00457763671875,259.1376647949219,259.7113647460937,0.026499092083859255,0.0242315652870162
239,239,239,239,2020-01-16,269.7754211425781,265.3712463378906,255.6074981689453,0.016596277349053112,0.055428432558220386
240,240,240,240,2020-01-17,275.6021728515625,267.8558959960937,254.7225799560547,0.028919568212834035,0.08196993332554192
241,241,241,241,2020-01-21,277.706787109375,268.19696044921875,258.8362121582031,0.03545836852225204,0.07290546710534462
242,242,242,242,2020-01-22,282.841796875,268.9666748046875,257.1050720214844,0.05158677029556924,0.10010197251715436
243,243,243,243,2020-01-23,281.18536376953125,265.6927795410156,259.0792541503906,0.05831014397635892,0.08532566488827564
244,244,244,244,2020-01-24,280.6982421875,266.00457763671875,259.1376647949219,0.05523838981014961,0.08320124907215187
245,245,245,245,2020-01-27,276.4888610839844,269.7754211425781,265.3712463378906,0.02488529130256878,0.04189457184799128
246,246,246,246,2020-01-28,280.77618408203125,275.6021728515625,267.8558959960937,0.018773477643281966,0.048235966723413126
247,247,247,247,2020-01-29,278.5935363769531,277.706787109375,268.19696044921875,0.0031931134158016405,0.03876470453028458
248,248,248,248,2020-01-30,279.2853088378906,282.841796875,268.9666748046875,-0.01257412474536479,0.038363987065297644
249,249,249,249,2020-01-31,273.19549560546875,281.18536376953125,265.6927795410156,-0.028414950397671723,0.02823831372991803
250,250,250,250,2020-02-03,275.553466796875,280.6982421875,266.00457763671875,-0.01832849165898376,0.035897461784274665
251,251,251,251,2020-02-04,283.46539306640625,276.4888610839844,269.7754211425781,0.02523259691211477,0.0507458087391619
252,252,252,252,2020-02-05,282.38385009765625,280.77618408203125,275.6021728515625,0.005725791953762327,0.024606762624278522
253,253,253,253,2020-02-06,286.6711120605469,278.5935363769531,277.706787109375,0.028994124517893738,0.03227981946167291
254,254,254,254,2020-02-07,287.1582336425781,279.2853088378906,282.841796875,0.028189541503084614,0.01526095794634541
255,255,255,255,2020-02-10,290.1106262207031,273.19549560546875,281.18536376953125,0.06191584739618872,0.031741561265924645
256,256,256,256,2020-02-11,289.31170654296875,275.553466796875,280.6982421875,0.0499294743267944,0.030685850714074592
257,257,257,257,2020-02-12,290.997314453125,283.46539306640625,276.4888610839844,0.026570867453136637,0.052473916353301675
258,258,258,258,2020-02-13,290.2080993652344,282.38385009765625,280.77618408203125,0.027707849669420748,0.03359229100587635
259,259,259,259,2020-02-14,296.4928283691406,286.6711120605469,278.5935363769531,0.03426126978053978,0.0642487698205918
260,260,260,260,2020-02-18,295.791259765625,287.1582336425781,279.2853088378906,0.030063655196431727,0.05910067735541058
261,261,261,261,2020-02-19,297.77899169921875,290.1106262207031,273.19549560546875,0.026432556361041026,0.08998499788317105
262,262,262,262,2020-02-20,293.5209350585937,289.31170654296875,275.553466796875,0.014549112325670022,0.06520501618280661
263,263,263,263,2020-02-21,289.94500732421875,290.997314453125,283.46539306640625,-0.0036162090735575303,0.02285857256760271
264,264,264,264,2020-02-24,279.0904541015625,290.2080993652344,282.38385009765625,-0.038309217723382805,-0.011662834099594566
265,265,265,265,2020-02-25,277.5021667480469,296.4928283691406,286.6711120605469,-0.06405099821655691,-0.03198419696562749
266,266,266,266,2020-02-26,272.9128723144531,295.791259765625,287.1582336425781,-0.07734639444485258,-0.049608054581698036
267,267,267,267,2020-02-27,261.8829345703125,297.77899169921875,290.1106262207031,-0.12054596908959991,-0.09729975085061604
268,268,268,268,2020-02-28,259.03778076171875,293.5209350585937,289.31170654296875,-0.1174810726532719,-0.10464120564977453
269,269,269,269,2020-03-02,273.9749755859375,289.94500732421875,290.997314453125,-0.05507951968430835,-0.0584965496990163
270,270,270,270,2020-03-03,261.3665771484375,279.0904541015625,290.2080993652344,-0.06350585157124433,-0.0993822098000755
271,271,271,271,2020-03-04,278.2330017089844,277.5021667480469,296.4928283691406,0.0026336189353111106,-0.061586065202974605
272,272,272,272,2020-03-05,279.8212585449219,272.9128723144531,295.791259765625,0.025313522853948944,-0.053990781314353975
273,273,273,273,2020-03-06,269.1031188964844,261.8829345703125,297.77899169921875,0.027570274244934856,-0.09629918027158668
274,274,274,274,2020-03-09,253.376708984375,259.03778076171875,293.5209350585937,-0.02185423207648307,-0.1367678461033962
275,275,275,275,2020-03-10,262.7502136230469,273.9749755859375,289.94500732421875,-0.04097002632771385,-0.0937929366404383
276,276,276,276,2020-03-11,254.4290008544922,261.3665771484375,279.0904541015625,-0.02654347150900349,-0.08836365731841145
277,277,277,277,2020-03-12,231.84295654296875,278.2330017089844,277.5021667480469,-0.16673092293536385,-0.1645364097157972
278,278,278,278,2020-03-13,254.5557098388672,279.8212585449219,272.9128723144531,-0.09029174136888751,-0.0672638205736028
279,279,279,279,2020-03-16,217.7047882080078,269.1031188964844,261.8829345703125,-0.19099864356550955,-0.16869425430408624
280,280,280,280,2020-03-17,233.0414886474609,253.376708984375,259.03778076171875,-0.08025686503872032,-0.10035714496091619
281,281,281,281,2020-03-18,219.30274963378903,262.7502136230469,273.9749755859375,-0.16535653155201424,-0.19955189642858262
282,282,282,282,2020-03-19,210.3579864501953,254.4290008544922,261.3665771484375,-0.17321537346877003,-0.19516110764718386
283,283,283,283,2020-03-20,196.6680450439453,231.84295654296875,278.2330017089844,-0.1517186979648626,-0.29315342236199315
284,284,284,284,2020-03-23,189.73043823242188,254.5557098388672,279.8212585449219,-0.254660449956041,-0.3219584558406131
285,285,285,285,2020-03-24,227.8285675048828,217.7047882080078,269.1031188964844,0.0465023272120324,-0.15337819777361483
286,286,286,286,2020-03-25,226.620346069336,233.0414886474609,253.376708984375,-0.027553645556386952,-0.10559914138236359
287,287,287,287,2020-03-26,242.02517700195312,219.30274963378903,262.7502136230469,0.10361214077848091,-0.07887733499934202
288,288,288,288,2020-03-27,223.80438232421875,210.3579864501953,254.4290008544922,0.06392148974675149,-0.12036606844118225
289,289,289,289,2020-03-30,231.9501495361328,196.6680450439453,231.84295654296875,0.17939927396087008,0.0004623517348227857
290,290,290,290,2020-03-31,224.1064453125,189.73043823242188,254.5557098388672,0.18118340631231322,-0.1196172914197896
291,291,291,291,2020-04-01,212.5308532714844,227.8285675048828,217.7047882080078,-0.06714572452846834,-0.023765829769347713
292,292,292,292,2020-04-02,219.4488983154297,226.620346069336,233.0414886474609,-0.03164520696527462,-0.058326911705381956
293,293,293,293,2020-04-03,212.7939453125,242.02517700195312,219.30274963378903,-0.12077764822466064,-0.02967953813692714
294,294,294,294,2020-04-06,233.9671173095703,223.80438232421875,210.3579864501953,0.045409007990867334,0.11223310917631713
295,295,295,295,2020-04-07,233.6163330078125,231.9501495361328,196.6680450439453,0.007183368818738822,0.187871333930284
296,296,296,296,2020-04-08,239.6282501220703,224.1064453125,189.73043823242188,0.0692608585528467,0.2629931831418797
297,297,297,297,2020-04-09,246.170639038086,212.5308532714844,227.8285675048828,0.15828189295241057,0.08050821604191527
298,298,298,298,2020-04-13,244.2079315185547,219.4488983154297,226.620346069336,0.1128236842070498,0.07760814840445818
299,299,299,299,2020-04-14,255.1737670898437,212.7939453125,242.02517700195312,0.19915896439208614,0.054327364825290214
300,300,300,300,2020-04-15,246.033935546875,233.9671173095703,223.80438232421875,0.05157484682490088,0.09932581744736768
301,301,301,301,2020-04-16,251.38507080078125,233.6163330078125,231.9501495361328,0.07605948421583397,0.08378921636185832
302,302,302,302,2020-04-17,259.1186828613281,239.6282501220703,224.1064453125,0.08133612263716428,0.1562303908752205
303,303,303,303,2020-04-20,257.790771484375,246.170639038086,212.5308532714844,0.047203567784098066,0.2129569307994832
304,304,304,304,2020-04-21,243.29005432128903,244.2079315185547,219.4488983154297,-0.0037585888040492232,0.1086410375667084
305,305,305,305,2020-04-22,257.6443176269531,255.1737670898437,212.7939453125,0.009681835892792146,0.2107690246947007
306,306,306,306,2020-04-23,251.9904937744141,246.033935546875,233.9671173095703,0.024210311534053508,0.07703380146790617
307,307,307,307,2020-04-24,257.4588317871094,251.38507080078125,233.6163330078125,0.024161184142639458,0.10205835556240639
308,308,308,308,2020-04-27,265.43658447265625,259.1186828613281,239.6282501220703,0.0243822697057674,0.10770155162189265
309,309,309,309,2020-04-28,260.0464782714844,257.790771484375,246.170639038086,0.00875014560886278,0.05636675148432957
310,310,310,310,2020-04-29,266.9989929199219,243.29005432128903,244.2079315185547,0.09745132683197477,0.0933264585619551
311,311,311,311,2020-04-30,263.46417236328125,257.6443176269531,255.1737670898437,0.022588717616333298,0.032489253766115445
312,312,312,312,2020-05-01,254.9882659912109,251.9904937744141,246.033935546875,0.011896370263397626,0.03639469662765249
313,313,313,313,2020-05-04,261.4818420410156,257.4588317871094,251.38507080078125,0.015625838997175512,0.04016456191320894
314,314,314,314,2020-05-05,268.0242614746094,265.43658447265625,259.1186828613281,0.009748757908010663,0.034368724458387456
315,315,315,315,2020-05-06,269.3816223144531,260.0464782714844,257.790771484375,0.035897982949121054,0.04496224113585323
316,316,316,316,2020-05-07,274.1955871582031,266.9989929199219,243.29005432128903,0.026953638137652725,0.12703163276909057
317,317,317,317,2020-05-08,273.7659606933594,263.46417236328125,257.6443176269531,0.03910128742618313,0.06257325298262151
318,318,318,318,2020-05-11,281.070068359375,254.9882659912109,251.9904937744141,0.10228628469148093,0.11539949047043585
319,319,319,319,2020-05-12,275.054931640625,261.4818420410156,257.4588317871094,0.051908344738830214,0.0683452951735044
320,320,320,320,2020-05-13,270.6413269042969,268.0242614746094,265.43658447265625,0.009764285573585774,0.019608233137797804
321,321,321,321,2020-05-14,273.6780700683594,269.3816223144531,260.0464782714844,0.01594929794019473,0.05241982851482363
322,322,322,322,2020-05-15,277.70123291015625,274.1955871582031,266.9989929199219,0.012785201207233365,0.040083447031742825
323,323,323,323,2020-05-18,283.54058837890625,273.7659606933594,263.46417236328125,0.03570432080303543,0.07620169313929459
324,324,324,324,2020-05-19,280.00567626953125,281.070068359375,254.9882659912109,-0.0037869279217693785,0.09811200598219938
325,325,325,325,2020-05-20,283.6576843261719,275.054931640625,261.4818420410156,0.03127648951514472,0.08480834505394741
326,326,326,326,2020-05-21,283.17926025390625,270.6413269042969,268.0242614746094,0.0463267509549381,0.05654338415454441
327,327,327,327,2020-05-22,280.8454284667969,273.6780700683594,269.3816223144531,0.026189012501612652,0.042556006804955304
328,328,328,328,2020-05-26,275.5627136230469,277.70123291015625,274.1955871582031,-0.007700791475424351,0.00498595356334075
329,329,329,329,2020-05-27,274.59600830078125,283.54058837890625,273.7659606933594,-0.03154603060275807,0.0030319606035740243
330,330,330,330,2020-05-28,277.1934509277344,280.00567626953125,281.070068359375,-0.010043458330072697,-0.013792352399060848
331,331,331,331,2020-05-29,283.49176025390625,283.6576843261719,275.054931640625,-0.0005849447465516855,0.030673249750360565
332,332,332,332,2020-06-01,283.13043212890625,283.17926025390625,270.6413269042969,-0.00017242832316255452,0.04614633458779083
333,333,333,333,2020-06-02,280.4255676269531,280.8454284667969,273.6780700683594,-0.0014949890483739736,0.024654871166361003
334,334,334,334,2020-06-03,283.2769470214844,275.5627136230469,277.70123291015625,0.02799447464068061,0.020078103553584192
335,335,335,335,2020-06-04,276.2657775878906,274.59600830078125,283.54058837890625,0.006080821412671078,-0.025657034968461057
336,336,336,336,2020-06-05,281.3337097167969,277.1934509277344,280.00567626953125,0.014936351400819614,0.00474288044784954
337,337,337,337,2020-06-08,286.157470703125,283.49176025390625,283.6576843261719,0.00940313202341847,0.008812686964188465
338,338,338,338,2020-06-09,284.3998107910156,283.13043212890625,283.17926025390625,0.00448337062379589,0.004310169240554496
339,339,339,339,2020-06-10,288.9111633300781,280.4255676269531,280.8454284667969,0.030259707682622095,0.02871948070265562
340,340,340,340,2020-06-11,271.33453369140625,283.2769470214844,275.5627136230469,-0.04215808400805865,-0.015343802781041416
341,341,341,341,2020-06-12,274.0784606933594,276.2657775878906,274.59600830078125,-0.007917437018906126,-0.0018847601267931724
342,342,342,342,2020-06-15,276.48065185546875,281.3337097167969,277.1934509277344,-0.017250182589969132,-0.0025714859780415766
343,343,343,343,2020-06-16,281.7926330566406,286.157470703125,283.49176025390625,-0.01525327168904389,-0.005993568193106591
344,344,344,344,2020-06-17,279.7518310546875,284.3998107910156,283.13043212890625,-0.01634311824399759,-0.011933019876438133
345,345,345,345,2020-06-18,280.47442626953125,288.9111633300781,280.4255676269531,-0.029201838251255108,0.00017423034208885468
346,346,346,346,2020-06-19,279.5858459472656,271.33453369140625,283.2769470214844,0.030410107197205383,-0.013030008664767223
347,347,347,347,2020-06-22,287.202392578125,274.0784606933594,276.2657775878906,0.04788384994415429,0.03958729555909257
348,348,348,348,2020-06-23,286.919189453125,276.48065185546875,281.3337097167969,0.03775503829147886,0.019853574397290297
349,349,349,349,2020-06-24,279.4002990722656,281.7926330566406,286.157470703125,-0.008489696690878845,-0.023613472729739127
350,350,350,350,2020-06-25,281.9585876464844,279.7518310546875,284.3998107910156,0.007888265050767451,-0.008583772041694915
351,351,351,351,2020-06-26,279.7810974121094,280.47442626953125,288.9111633300781,-0.0024719860082915712,-0.031601637723973064
352,352,352,352,2020-06-29,281.14813232421875,279.5858459472656,271.33453369140625,0.005587859326926736,0.03616789392526676
353,353,353,353,2020-06-30,289.2236328125,287.202392578125,274.0784606933594,0.00703768591978271,0.05525852736047421
354,354,354,354,2020-07-01,295.4633483886719,286.919189453125,276.48065185546875,0.029778973486688898,0.0686583180624385
355,355,355,355,2020-07-02,298.11932373046875,279.4002990722656,281.7926330566406,0.06699715326131961,0.057938671060099756
356,356,356,356,2020-07-06,302.3670959472656,281.9585876464844,279.7518310546875,0.07238122616208154,0.08084045350951485
357,357,357,357,2020-07-07,300.6875305175781,279.7810974121094,280.47442626953125,0.07472425156254991,0.07206754824991579
358,358,358,358,2020-07-08,303.07989501953125,281.14813232421875,279.5858459472656,0.07800785484152128,0.08403161108769774
359,359,359,359,2020-07-09,301.1822814941406,289.2236328125,287.202392578125,0.04134741191565516,0.04867608793409617
360,360,360,360,2020-07-10,300.8301696777344,295.4633483886719,286.919189453125,0.018164084710779793,0.048483965994481126
361,361,361,361,2020-07-13,291.1367492675781,298.11932373046875,279.4002990722656,-0.023422079372498517,0.04200586124740302
362,362,362,362,2020-07-14,279.13482666015625,302.3670959472656,281.9585876464844,-0.07683464767992221,-0.010014807528645031
363,363,363,363,2020-07-15,283.63427734375,300.6875305175781,279.7810974121094,-0.056714201431878775,0.013772123875706255
364,364,364,364,2020-07-16,279.4575500488281,303.07989501953125,281.14813232421875,-0.07794098308362174,-0.0060131371366929365
365,365,365,365,2020-07-17,282.94952392578125,301.1822814941406,289.2236328125,-0.06053728485589571,-0.021692932993432668
366,366,366,366,2020-07-20,292.193115234375,300.8301696777344,295.4633483886719,-0.028710732213500623,-0.011068151674755278
367,367,367,367,2020-07-21,291.3714294433594,291.1367492675781,298.11932373046875,0.0008060822839150994,-0.022634877211818005
368,368,368,368,2020-07-22,289.96295166015625,279.13482666015625,302.3670959472656,0.03879173777617906,-0.041023459408667695
369,369,369,369,2020-07-23,285.1797790527344,283.63427734375,300.6875305175781,0.005448924310059056,-0.051574308512727485
370,370,370,370,2020-07-24,282.3724365234375,279.4575500488281,303.07989501953125,0.010430516098420162,-0.06832343166398192
371,371,371,371,2020-07-27,289.67926025390625,282.94952392578125,301.1822814941406,0.023784229196619044,-0.038192888317230445
372,372,372,372,2020-07-28,290.3150329589844,292.193115234375,300.8301696777344,-0.006427537739498668,-0.03495373063816831
373,373,373,373,2020-07-29,295.5774841308594,291.3714294433594,291.1367492675781,0.014435371016078502,0.015253089396831454
374,374,374,374,2020-07-30,297.299072265625,289.96295166015625,279.13482666015625,0.025300199778856003,0.06507337627054155
375,375,375,375,2020-07-31,299.6758728027344,285.1797790527344,283.63427734375,0.05083142219322445,0.056557323075386856
376,376,376,376,2020-08-03,304.8894958496094,282.3724365234375,279.4575500488281,0.07974241255060632,0.0910046831668625
377,377,377,377,2020-08-04,303.8527526855469,289.67926025390625,282.94952392578125,0.048928226408813114,0.07387617575652339
378,378,378,378,2020-08-05,304.1559143066406,290.3150329589844,292.193115234375,0.04767538630909174,0.04094141322484601
379,379,379,379,2020-08-06,305.407958984375,295.5774841308594,291.3714294433594,0.03325853754531405,0.04817400789031123
380,380,380,380,2020-08-07,302.6690979003906,297.299072265625,289.96295166015625,0.018062705658118405,0.04381989549867149
381,381,381,381,2020-08-10,297.5337829589844,299.6758728027344,285.1797790527344,-0.007148022374026897,0.04332005567605668
382,382,382,382,2020-08-11,292.6626281738281,304.8894958496094,282.3724365234375,-0.04010262026807343,0.036441912592755976
383,383,383,383,2020-08-12,298.0914001464844,303.8527526855469,289.67926025390625,-0.01896100163036818,0.029039496597736525
384,384,384,384,2020-08-13,300.008544921875,304.1559143066406,290.3150329589844,-0.013635669042372678,0.033389631477540815
385,385,385,385,2020-08-14,298.8640441894531,305.407958984375,295.5774841308594,-0.021426798491707477,0.011119115071494212
386,386,386,386,2020-08-17,301.2801513671875,302.6690979003906,297.299072265625,-0.004588993533988783,0.01339082248465795
387,387,387,387,2020-08-18,302.1506652832031,297.5337829589844,299.6758728027344,0.015517170111923662,0.008258230658755084
388,388,388,388,2020-08-19,303.7646484375,292.6626281738281,304.8894958496094,0.03793453346929487,-0.0036893609895443102
389,389,389,389,2020-08-20,313.06689453125,298.0914001464844,303.8527526855469,0.050237928291143374,0.030324365220540717
390,390,390,390,2020-08-21,315.1894226074219,300.008544921875,304.1559143066406,0.0506014843327216,0.03627583019693503
391,391,391,391,2020-08-24,325.8415222167969,298.8640441894531,305.407958984375,0.09026672345450315,0.06690579806882924
392,392,392,392,2020-08-25,329.0694885253906,301.2801513671875,302.6690979003906,0.09223753052465322,0.08722525955949578
393,393,393,393,2020-08-26,334.86004638671875,302.1506652832031,297.5337829589844,0.10825520133426614,0.1254521858207942
394,394,394,394,2020-08-27,337.4618835449219,303.7646484375,292.6626281738281,0.1109320497982671,0.1530747388234519
395,395,395,395,2020-08-28,338.5476989746094,313.06689453125,298.0914001464844,0.08139092599206754,0.1357177657867501
396,396,396,396,2020-08-31,337.84344482421875,315.1894226074219,300.008544921875,0.07187430983371912,0.12611274092941693
397,397,397,397,2020-09-01,339.5942077636719,325.8415222167969,298.8640441894531,0.042206669835419985,0.1362832510838925
398,398,398,398,2020-09-02,346.4413146972656,329.0694885253906,301.2801513671875,0.05279075325312221,0.14989757249237967
399,399,399,399,2020-09-03,332.2092590332031,334.86004638671875,302.1506652832031,-0.00791610519713759,0.0994821365752292
400,400,400,400,2020-09-04,325.8316955566406,337.4618835449219,303.7646484375,-0.034463708511640156,0.07264521145778069
401,401,401,401,2020-09-08,313.81024169921875,338.5476989746094,313.06689453125,-0.07306934104209017,0.0023744036209314423
402,402,402,402,2020-09-09,321.0387878417969,337.84344482421875,315.1894226074219,-0.049740959133202645,0.018558253592350304
403,403,403,403,2020-09-10,313.3896789550781,339.5942077636719,325.8415222167969,-0.07716423958217167,-0.038214415329897666
404,404,404,404,2020-09-11,308.1174011230469,346.4413146972656,329.0694885253906,-0.11062166072111734,-0.06367070826357424
405,405,405,405,2020-09-14,311.3551330566406,332.2092590332031,334.86004638671875,-0.06277406607284897,-0.07019324515930181
406,406,406,406,2020-09-15,315.4241638183594,325.8316955566406,337.4618835449219,-0.03194143442829078,-0.06530432265435071
407,407,407,407,2020-09-16,306.5328063964844,313.81024169921875,338.5476989746094,-0.02319056020392618,-0.09456538229351863
408,408,408,408,2020-09-17,300.5172119140625,321.0387878417969,337.84344482421875,-0.06392241905002183,-0.1104838157495619
409,409,409,409,2020-09-18,293.57232666015625,313.3896789550781,339.5942077636719,-0.06323549761114666,-0.13552021810555392
410,410,410,410,2020-09-21,300.9768981933594,308.1174011230469,346.4413146972656,-0.023174617544031273,-0.13123266358585117
411,411,411,411,2020-09-22,310.3475952148437,311.3551330566406,332.2092590332031,-0.003235976333217039,-0.06580690701391445
412,412,412,412,2020-09-23,298.2674255371094,315.4241638183594,325.8316955566406,-0.05439259336875002,-0.08459665034256814
413,413,413,413,2020-09-24,301.8473815917969,306.5328063964844,313.81024169921875,-0.015285231162589286,-0.03812131829300858
414,414,414,414,2020-09-25,311.5409545898437,300.5172119140625,321.0387878417969,0.03668256671745507,-0.029584690734110186
415,415,415,415,2020-09-28,318.43682861328125,293.57232666015625,313.3896789550781,0.08469634122533809,0.01610502833096361
416,416,416,416,2020-09-29,316.5686340332031,300.9768981933594,308.1174011230469,0.05180376279187726,0.027428612857802293
417,417,417,417,2020-09-30,319.0824584960937,310.3475952148437,311.3551330566406,0.028145419574471475,0.024818365329623004
418,418,418,418,2020-10-01,325.0785522460937,298.2674255371094,315.4241638183594,0.08988955686563416,0.03060763738219463
419,419,419,419,2020-10-02,314.8568725585937,301.8473815917969,306.5328063964844,0.04309956541014559,0.027155547427255122
420,420,420,420,2020-10-05,324.1199035644531,311.5409545898437,300.5172119140625,0.04037655014304664,0.07854023235494467
421,421,421,421,2020-10-06,318.2705993652344,318.43682861328125,293.57232666015625,-0.0005220164036011665,0.08413011194229214
422,422,422,422,2020-10-07,327.59228515625,316.5686340332031,300.9768981933594,0.03482231003937897,0.0884299995204012
423,423,423,423,2020-10-08,328.2489013671875,319.0824584960937,310.3475952148437,0.02872750484090325,0.05768147209244945
424,424,424,424,2020-10-09,334.9316711425781,325.0785522460937,298.2674255371094,0.030309963017878028,0.12292406902780306
425,425,425,425,2020-10-12,343.8681030273437,314.8568725585937,301.8473815917969,0.09214101071702396,0.1392118136455247
426,426,426,426,2020-10-13,342.5551452636719,324.1199035644531,311.5409545898437,0.056877845193955556,0.09955092650550434
427,427,427,427,2020-10-14,338.3514099121094,318.2705993652344,318.43682861328125,0.06309351409437314,0.06253856184145379
428,428,428,428,2020-10-15,335.0884704589844,327.59228515625,316.5686340332031,0.022882667396025402,0.05850180477399669
429,429,429,429,2020-10-16,334.284912109375,328.2489013671875,319.0824584960937,0.01838851772861072,0.0476442788015794
430,430,430,430,2020-10-19,328.5232849121094,334.9316711425781,325.0785522460937,-0.01913341371572097,0.010596616240027723
431,431,431,431,2020-10-20,327.7785949707031,343.8681030273437,314.8568725585937,-0.0467897659451163,0.04103998844651158
432,432,432,432,2020-10-21,326.0932312011719,342.5551452636719,324.1199035644531,-0.04805624522098162,0.006088264296692181
433,433,433,433,2020-10-22,325.1427307128906,338.3514099121094,318.2705993652344,-0.03903834537781259,0.02159210232224451
434,434,434,434,2020-10-23,327.6903991699219,335.0884704589844,327.59228515625,-0.02207796430276776,0.00029950037933601514
435,435,435,435,2020-10-26,321.48779296875,334.284912109375,328.2489013671875,-0.03828207219965074,-0.0205975050343713
436,436,436,436,2020-10-27,323.6239013671875,328.5232849121094,334.9316711425781,-0.014913352477382569,-0.0337614228502654
437,437,437,437,2020-10-28,312.1005554199219,327.7785949707031,343.8681030273437,-0.047831187854663115,-0.09238294371518296
438,438,438,438,2020-10-29,319.0576477050781,326.0932312011719,342.5551452636719,-0.021575374227112976,-0.06859478797350205
439,439,439,439,2020-10-30,308.3475952148437,325.1427307128906,338.3514099121094,-0.051654654745695305,-0.08867648787117366
440,440,440,440,2020-11-02,310.0525817871094,327.6903991699219,335.0884704589844,-0.05382463882826949,-0.07471426467637732
441,441,441,441,2020-11-03,318.19537353515625,321.48779296875,334.284912109375,-0.010241195795305913,-0.04813121379811003
442,442,442,442,2020-11-04,336.09765625,323.6239013671875,328.5232849121094,0.0385439852560816,0.023055812740692128
443,443,443,443,2020-11-05,343.89752197265625,312.1005554199219,327.7785949707031,0.10188051895631056,0.04917626486071747
444,444,444,444,2020-11-06,345.17138671875,319.0576477050781,326.0932312011719,0.0818464600410087,0.058505217809346366
445,445,445,445,2020-11-09,352.89288330078125,308.3475952148437,325.1427307128906,0.1444645224325498,0.08534760265759944
446,446,446,446,2020-11-10,335.3726501464844,310.0525817871094,327.6903991699219,0.08166378816597142,0.023443625434320214
447,447,447,447,2020-11-11,345.3085327148437,318.19537353515625,321.48779296875,0.08520915586691213,0.07409531642282041
448,448,448,448,2020-11-12,342.4766845703125,336.09765625,323.6239013671875,0.018979687009681445,0.0582552250420294
449,449,449,449,2020-11-13,349.7669982910156,343.89752197265625,312.1005554199219,0.017067515592118943,0.12068688189424948
450,450,450,450,2020-11-16,349.8747863769531,345.17138671875,319.0576477050781,0.013626273321535542,0.09658799559746312
451,451,451,451,2020-11-17,351.53082275390625,352.89288330078125,308.3475952148437,-0.0038596996746859125,0.14004723308762723
452,452,452,452,2020-11-18,347.6014404296875,335.3726501464844,310.0525817871094,0.036463290247018776,0.1211048088235569
453,453,453,453,2020-11-19,354.1666259765625,345.3085327148437,318.19537353515625,0.025652691499036484,0.11304769155429573
454,454,454,454,2020-11-20,340.693359375,342.4766845703125,336.09765625,-0.005207143363788247,0.013673713694633882
455,455,455,455,2020-11-23,336.42108154296875,349.7669982910156,343.89752197265625,-0.03815659228359425,-0.021740314925217663
456,456,456,456,2020-11-24,338.25341796875,349.8747863769531,345.17138671875,-0.03321579279417497,-0.02004212694384444
457,457,457,457,2020-11-25,343.4174194335937,351.53082275390625,352.89288330078125,-0.023080204622604183,-0.02685082163901653
458,458,458,458,2020-11-27,347.11151123046875,347.6014404296875,335.3726501464844,-0.0014094567577542794,0.03500244005841591
459,459,459,459,2020-11-30,344.9361877441406,354.1666259765625,345.3085327148437,-0.026062416827024038,-0.0010782964665705386
460,460,460,460,2020-12-01,349.6396179199219,340.693359375,342.4766845703125,0.026258975406311835,0.020915097792996606
461,461,461,461,2020-12-02,348.3363647460937,336.42108154296875,349.7669982910156,0.035417766177067156,-0.004090247370140965
462,462,462,462,2020-12-03,356.38116455078125,338.25341796875,349.8747863769531,0.05359220519009211,0.018596304812940057
463,463,463,463,2020-12-04,361.1826171875,343.4174194335937,351.53082275390625,0.05173062503121373,0.027456466997634044
464,464,464,464,2020-12-07,364.7003479003906,347.11151123046875,347.6014404296875,0.0506720062598085,0.049191129500402386
465,465,465,465,2020-12-08,365.09228515625,344.9361877441406,354.1666259765625,0.058434278942806506,0.030848923580988563
466,466,466,466,2020-12-09,356.8515319824219,349.6396179199219,340.693359375,0.020626707309100656,0.04742731891535534
467,467,467,467,2020-12-10,355.205322265625,348.3363647460937,336.42108154296875,0.019719323661594013,0.055835504233277655
468,468,468,468,2020-12-11,356.98876953125,356.38116455078125,338.25341796875,0.0017049301167042508,0.05538850627144565
469,469,469,469,2020-12-14,358.1547546386719,361.1826171875,343.4174194335937,-0.008383190122508766,0.04291376724391216
470,470,470,470,2020-12-15,353.1769714355469,364.7003479003906,347.11151123046875,-0.03159683430845284,0.01747409696548763
471,471,471,471,2020-12-16,361.8293151855469,365.09228515625,344.9361877441406,-0.008937384062516318,0.04897464528696216
472,472,472,472,2020-12-17,372.6667785644531,356.8515319824219,349.6396179199219,0.04431884177201817,0.06585970085862858
473,473,473,473,2020-12-18,372.4609069824219,355.205322265625,348.3363647460937,0.04857918402442474,0.06925645633901256
474,474,474,474,2020-12-21,368.3650207519531,356.98876953125,356.38116455078125,0.031867252394636614,0.03362651394968519
475,475,475,475,2020-12-22,372.32373046875,358.1547546386719,361.1826171875,0.03956104350582379,0.03084620563416074
476,476,476,476,2020-12-23,369.3351745605469,353.1769714355469,364.7003479003906,0.045751009923785,0.012708588535325749
477,477,477,477,2020-12-24,373.4898071289063,361.8293151855469,365.09228515625,0.03222649866658789,0.023001094008498146
478,478,478,478,2020-12-28,373.4506530761719,372.6667785644531,356.8515319824219,0.002103419346200619,0.046515482227403426
479,479,479,479,2020-12-29,370.71673583984375,372.4609069824219,355.205322265625,-0.004682830090032564,0.04366886586969332
480,480,480,480,2020-12-30,367.99267578125,368.3650207519531,356.98876953125,-0.0010108043644942999,0.030824236472337452
481,481,481,481,2020-12-31,372.2061767578125,372.32373046875,358.1547546386719,-0.00031572983755157047,0.03923282306643272
482,482,482,482,2021-01-04,364.2201843261719,369.3351745605469,353.1769714355469,-0.01384918249517142,0.03126821334284058
483,483,483,483,2021-01-05,361.4470825195313,373.4898071289063,361.8293151855469,-0.032243783844999485,-0.0010563894354982395
484,484,484,484,2021-01-06,353.7355041503906,373.4506530761719,372.6667785644531,-0.05279184482175747,-0.050799468863276465
485,485,485,485,2021-01-07,361.2119445800781,370.71673583984375,372.4609069824219,-0.02563895918600201,-0.03020172638648122
486,486,486,486,2021-01-08,367.5128784179688,367.99267578125,368.3650207519531,-0.0013038231325190885,-0.0023133095869005693
487,487,487,487,2021-01-11,365.4320983886719,372.2061767578125,372.32373046875,-0.018199801056897558,-0.018509784674217933
488,488,488,488,2021-01-12,358.8858947753906,364.2201843261719,369.3351745605469,-0.014645782360057757,-0.028292132742540166
489,489,489,489,2021-01-13,358.1890563964844,361.4470825195313,373.4898071289063,-0.009013839869272955,-0.040966983409914115
490,490,490,490,2021-01-14,358.7288818359375,353.7355041503906,373.4506530761719,0.014116133741056247,-0.03942092782264228
491,491,491,491,2021-01-15,364.12689208984375,361.2119445800781,370.71673583984375,0.00806990896481663,-0.017775954287769014
492,492,492,492,2021-01-19,377.8081970214844,367.5128784179688,367.99267578125,0.02801349070496184,0.026673142935239147
493,493,493,493,2021-01-20,382.2344665527344,365.4320983886719,372.2061767578125,0.04597945346933252,0.02694283550658838
494,494,494,494,2021-01-21,374.6676025390625,358.8858947753906,364.2201843261719,0.04397416558694478,0.028684347168235425
495,495,495,495,2021-01-22,367.8956298828125,358.1890563964844,361.4470825195313,0.027099023024265145,0.017840916900837778
496,496,496,496,2021-01-25,367.4834289550781,358.7288818359375,353.7355041503906,0.024404355384868293,0.03886498427040164
497,497,497,497,2021-01-26,367.8465881347656,364.12689208984375,361.2119445800781,0.010215384048053444,0.018367730232178525
498,498,498,498,2021-01-27,356.3734436035156,377.8081970214844,367.5128784179688,-0.056734484817834274,-0.030310325075967537
499,499,499,499,2021-01-28,363.0865783691406,382.2344665527344,365.4320983886719,-0.0500946143247708,-0.006418483843848244
500,500,500,500,2021-01-29,354.5283203125,374.6676025390625,358.8858947753906,-0.05375239836612988,-0.012141949645632644
501,501,501,501,2021-02-01,366.6491088867188,367.8956298828125,358.1890563964844,-0.003388246271070816,0.023618958589482597
502,502,502,502,2021-02-02,376.9837951660156,367.4834289550781,358.7288818359375,0.02585250235078984,0.050887771390615066
503,503,503,503,2021-02-03,373.0973205566406,367.8465881347656,364.12689208984375,0.014274245273008468,0.024635446218521873
504,504,504,504,2021-02-04,385.4438781738281,356.3734436035156,377.8081970214844,0.08157295413587251,0.020210469790070684
505,505,505,505,2021-02-05,382.1559753417969,363.0865783691406,382.2344665527344,0.05252024753520046,-0.00020534833408769604
506,506,506,506,2021-02-08,382.5093688964844,354.5283203125,374.6676025390625,0.07892472048303611,0.02092992910056668
507,507,507,507,2021-02-09,384.2857971191406,366.6491088867188,367.8956298828125,0.048102362190305836,0.044551133269914
508,508,508,508,2021-02-10,389.9192810058594,376.9837951660156,367.4834289550781,0.034313108429892214,0.06105269049702877
509,509,509,509,2021-02-11,401.23541259765625,373.0973205566406,367.8465881347656,0.07541756665267685,0.0907683407699793
510,510,510,510,2021-02-12,406.3094482421875,385.4438781738281,356.3734436035156,0.054133873307878444,0.1401226874082917
511,511,511,511,2021-02-16,414.4259948730469,382.1559753417969,363.0865783691406,0.08444201219773673,0.14139717511593286
512,512,512,512,2021-02-17,408.095703125,382.5093688964844,354.5283203125,0.0668907386564952,0.15109479199089892
513,513,513,513,2021-02-18,407.68353271484375,384.2857971191406,366.6491088867188,0.06088628768252158,0.1119174241353551
514,514,514,514,2021-02-19,403.7184753417969,389.9192810058594,376.9837951660156,0.03538987428459617,0.07091731930813605
515,515,515,515,2021-02-22,394.1002807617188,401.23541259765625,373.0973205566406,-0.017782906522989972,0.05629351659171111
516,516,516,516,2021-02-23,391.6858825683594,406.3094482421875,385.4438781738281,-0.03599120260947386,0.016194327496145133
517,517,517,517,2021-02-24,405.5144653320313,414.4259948730469,382.1559753417969,-0.02150330734862682,0.06112292230768546
518,518,518,518,2021-02-25,380.7820129394531,408.095703125,382.5093688964844,-0.06692961963674648,-0.004515852675751608
519,519,519,519,2021-02-26,382.9019470214844,407.68353271484375,384.2857971191406,-0.06078632984838506,-0.003601096132176851
520,520,520,520,2021-03-01,398.87005615234375,403.7184753417969,389.9192810058594,-0.012009406270912737,0.02295545663552323
521,521,521,521,2021-03-02,394.2965393066406,394.1002807617188,401.23541259765625,0.0004979913857012797,-0.01729377087154982
522,522,522,522,2021-03-03,381.4984436035156,391.6858825683594,406.3094482421875,-0.026009206402954232,-0.06106430639506777
523,523,523,523,2021-03-04,369.3481140136719,405.5144653320313,414.4259948730469,-0.08918634083434429,-0.10877184688471075
524,524,524,524,2021-03-05,375.1190185546875,380.7820129394531,408.095703125,-0.014872011261902962,-0.08080625284165688
525,525,525,525,2021-03-08,363.5477600097656,382.9019470214844,407.68353271484375,-0.050546065806849505,-0.10825988582656121
526,526,526,526,2021-03-09,377.445068359375,398.87005615234375,403.7184753417969,-0.053714204569885626,-0.06507853513559969
527,527,527,527,2021-03-10,375.7177429199219,394.2965393066406,394.1002807617188,-0.04711884212676343,-0.04664431551854542
528,528,528,528,2021-03-11,391.764404296875,381.4984436035156,391.6858825683594,0.02690957424725071,0.0002004711734839848
529,529,529,529,2021-03-12,388.6041870117188,369.3481140136719,405.5144653320313,0.052135295314745145,-0.04170080173703916
530,530,530,530,2021-03-15,389.47760009765625,375.1190185546875,380.7820129394531,0.03827740219168718,0.022836128973312997
531,531,531,531,2021-03-16,388.0839538574219,363.5477600097656,382.9019470214844,0.06749097793092473,0.013533508712210152
532,532,532,532,2021-03-17,384.45263671875,377.445068359375,398.87005615234375,0.018565796580240157,-0.036145654985159315
533,533,533,533,2021-03-18,367.031982421875,375.7177429199219,394.2965393066406,-0.023117780998429205,-0.06914734005200651
534,534,534,534,2021-03-19,374.206298828125,391.764404296875,381.4984436035156,-0.04481802143373048,-0.01911448106186564
535,535,535,535,2021-03-22,375.9140319824219,388.6041870117188,369.3481140136719,-0.03265573417229872,0.01777704479765374
536,536,536,536,2021-03-23,376.0906982421875,389.47760009765625,375.1190185546875,-0.034371429453483704,0.0025903237091091658
537,537,537,537,2021-03-24,370.2903442382813,388.0839538574219,363.5477600097656,-0.04584989779216109,0.018546625698737884
538,538,538,538,2021-03-25,365.4812316894531,384.45263671875,377.445068359375,-0.04934653379208209,-0.0316968949201657
539,539,539,539,2021-03-26,369.5934753417969,367.031982421875,375.7177429199219,0.006978936557571203,-0.01630018196779781
540,540,540,540,2021-03-29,367.669921875,374.206298828125,391.764404296875,-0.017467308737438403,-0.06150247995378477
541,541,541,541,2021-03-30,366.7277221679688,375.9140319824219,388.6041870117188,-0.02443726233364607,-0.05629497976327846
542,542,542,542,2021-03-31,375.9532470703125,376.0906982421875,389.47760009765625,-0.0003654734682815297,-0.03472434107623312
543,543,543,543,2021-04-01,387.89752197265625,370.2903442382813,388.0839538574219,0.04754965396301225,-0.000480390603405656
544,544,544,544,2021-04-05,394.6793212890625,365.4812316894531,384.45263671875,0.07988943635939916,0.026600635796377503
545,545,545,545,2021-04-06,393.75677490234375,369.5934753417969,367.031982421875,0.06537804688841131,0.07281325268747474
546,546,546,546,2021-04-07,393.6095275878906,367.669921875,374.206298828125,0.07055134012759834,0.05185168935031115
547,547,547,547,2021-04-08,403.6890563964844,366.7277221679688,375.9140319824219,0.10078685628131079,0.07388663910093496
548,548,548,548,2021-04-09,410.4510498046875,375.9532470703125,376.0906982421875,0.09176088517177527,0.09136187553453734
549,549,549,549,2021-04-12,408.79986572265625,387.89752197265625,370.2903442382813,0.053886252337217666,0.10399817895222818
550,550,550,550,2021-04-13,411.75823974609375,394.6793212890625,365.4812316894531,0.04327289912542098,0.12661938300558728
551,551,551,551,2021-04-14,404.2394104003906,393.75677490234375,369.5934753417969,0.026622108281556978,0.09374065661346842
552,552,552,552,2021-04-15,410.4018859863281,393.6095275878906,367.669921875,0.042662479491652805,0.11622371472055337
553,553,553,553,2021-04-16,408.6917419433594,403.6890563964844,366.7277221679688,0.0123924229988579,0.1144282726359318
554,554,554,554,2021-04-19,395.3936462402344,410.4510498046875,375.9532470703125,-0.03668501657290968,0.05170961900559412
555,555,555,555,2021-04-20,398.4209289550781,408.79986572265625,387.89752197265625,-0.025388796909780686,0.027129348310618306
556,556,556,556,2021-04-21,401.93951416015625,411.75823974609375,394.6793212890625,-0.023845850885685027,0.018395169139799883
557,557,557,557,2021-04-22,399.80670166015625,404.2394104003906,393.75677490234375,-0.01096555315040626,0.015364628987813544
558,558,558,558,2021-04-23,407.8072204589844,410.4018859863281,393.6095275878906,-0.006322255369533569,0.03607050103207543
559,559,559,559,2021-04-26,411.1194152832031,408.6917419433594,403.6890563964844,0.00594010862147587,0.018406143959030175
560,560,560,560,2021-04-27,408.9865417480469,395.3936462402344,410.4510498046875,0.03437813337939599,-0.003568045586282431
561,561,561,561,2021-04-28,408.6720275878906,398.4209289550781,408.79986572265625,0.02572931763323183,-0.00031271569656621256
562,562,562,562,2021-04-29,409.0160827636719,401.93951416015625,411.75823974609375,0.017606053533457455,-0.006659628679471674
563,563,563,563,2021-04-30,405.0945129394531,399.80670166015625,404.2394104003906,0.013225919568981226,0.0021153368945783235
564,564,564,564,2021-05-03,404.28851318359375,407.8072204589844,410.4018859863281,-0.008628359427845234,-0.014896064105655804
565,565,565,565,2021-05-04,390.8037414550781,411.1194152832031,408.6917419433594,-0.049415505745770694,-0.043768930596009836
566,566,566,566,2021-05-05,385.3194274902344,408.9865417480469,395.3936462402344,-0.05786770918342943,-0.025478959628701503
567,567,567,567,2021-05-06,387.3145446777344,408.6720275878906,398.4209289550781,-0.05226069187121696,-0.027876006178872204
568,568,568,568,2021-05-07,394.1651611328125,409.0160827636719,401.93951416015625,-0.03630889409167848,-0.0193420968913397
569,569,569,569,2021-05-10,385.8108215332031,405.0945129394531,399.80670166015625,-0.04760294398046372,-0.03500661711981479
570,570,570,570,2021-05-11,388.21875,404.28851318359375,407.8072204589844,-0.039748255662896415,-0.04803365285425221
571,571,571,571,2021-05-12,393.0348205566406,390.8037414550781,411.1194152832031,0.005708950209267538,-0.043988666198371495
572,572,572,572,2021-05-13,396.6025695800781,385.3194274902344,408.9865417480469,0.029282567358038802,-0.030279656917409747
573,573,573,573,2021-05-14,410.1070556640625,387.3145446777344,408.6720275878906,0.05884754729593911,0.0035114418881121434
574,574,574,574,2021-05-17,412.2300109863281,394.1651611328125,409.0160827636719,0.045830660938166234,0.007857706232332395
575,575,575,575,2021-05-18,410.2741088867188,385.8108215332031,405.0945129394531,0.06340746808578146,0.012786141954087338
576,576,576,576,2021-05-19,413.9795227050781,388.21875,404.28851318359375,0.06635633313712463,0.023970528979841532
577,577,577,577,2021-05-20,427.8082580566406,393.0348205566406,390.8037414550781,0.0884741902784889,0.0946882352348617
578,578,578,578,2021-05-21,425.9998168945313,396.6025695800781,385.3194274902344,0.07412268494775232,0.1055757548205325
579,579,579,579,2021-05-24,432.8601989746094,410.1070556640625,387.3145446777344,0.05548098477287611,0.1175934519442623
580,580,580,580,2021-05-25,431.4645385742188,412.2300109863281,394.1651611328125,0.04665969743898302,0.0946288031499527
581,581,581,581,2021-05-26,435.2190246582031,410.2741088867188,385.8108215332031,0.060800609229698876,0.12806329000480843
582,582,582,582,2021-05-27,424.7024230957031,413.9795227050781,388.21875,0.02590200674796206,0.09397710207377452
583,583,583,583,2021-05-28,431.5627746582031,427.8082580566406,393.0348205566406,0.008776166730903645,0.09802682125465823
584,584,584,584,2021-06-01,431.1402282714844,425.9998168945313,396.6025695800781,0.012066698559698441,0.08708379960315105
585,585,585,585,2021-06-02,437.803955078125,432.8601989746094,410.1070556640625,0.011421138083905102,0.06753577884490314
586,586,586,586,2021-06-03,442.8362121582031,431.4645385742188,412.2300109863281,0.02635598656974736,0.07424544636778063
587,587,587,587,2021-06-04,454.0112915039063,435.2190246582031,410.2741088867188,0.04317887266178588,0.1066047836551729
588,588,588,588,2021-06-07,449.3721618652344,424.7024230957031,413.9795227050781,0.058087115655500066,0.08549369526514039
589,589,589,589,2021-06-08,457.28424072265625,431.5627746582031,427.8082580566406,0.05960075236985962,0.0688999852408485
590,590,590,590,2021-06-09,460.3015441894531,431.1402282714844,425.9998168945313,0.06763765941044642,0.08052052121753417
591,591,591,591,2021-06-10,463.2501220703125,437.803955078125,432.8601989746094,0.05812228669256014,0.07020724743853313
592,592,592,592,2021-06-11,464.0659484863281,442.8362121582031,431.4645385742188,0.04794038008919799,0.07555988267272484
593,593,593,593,2021-06-14,468.79345703125,454.0112915039063,435.2190246582031,0.03255902618275841,0.07714376089008135
594,594,594,594,2021-06-15,462.64068603515625,449.3721618652344,424.7024230957031,0.02952680494236115,0.0893290475314854
595,595,595,595,2021-06-16,461.2942199707031,457.28424072265625,431.5627746582031,0.00876911752241849,0.06889251589423395
596,596,596,596,2021-06-17,466.5918884277344,460.3015441894531,431.1402282714844,0.013665703097646364,0.08222767867981573
597,597,597,597,2021-06-18,465.28460693359375,463.2501220703125,437.803955078125,0.004391763253485781,0.06276930926895097
598,598,598,598,2021-06-21,469.7075500488281,464.0659484863281,442.8362121582031,0.012156896193098232,0.06068008250649837
599,599,599,599,2021-06-22,469.3733825683594,468.79345703125,454.0112915039063,0.0012370597934150407,0.033836363438376926
600,600,600,600,2021-06-23,470.3856506347656,462.64068603515625,449.3721618652344,0.0167407770941721,0.04676188369637635
601,601,601,601,2021-06-24,474.3465576171875,461.2942199707031,457.28424072265625,0.028295038353858715,0.03731227839290341
602,602,602,602,2021-06-25,477.7570495605469,466.5918884277344,460.3015441894531,0.023929179674416323,0.037921891836863564
603,603,603,603,2021-06-28,478.6417236328125,465.28460693359375,463.2501220703125,0.02870741155020662,0.033225250958841324
604,604,604,604,2021-06-29,482.97607421875,469.7075500488281,464.0659484863281,0.028248479651950653,0.040748789679790454
605,605,605,605,2021-06-30,481.7671813964844,469.3733825683594,468.79345703125,0.02640498862612861,0.02767471296931845
606,606,606,606,2021-07-01,482.6320190429688,470.3856506347656,462.64068603515625,0.026034740625436203,0.04321135950912325
607,607,607,607,2021-07-02,489.109130859375,474.3465576171875,461.2942199707031,0.031121914990476895,0.06029754912263674
608,608,608,608,2021-07-06,492.3820495605469,477.7570495605469,466.5918884277344,0.030611793197928616,0.05527348797193432
609,609,609,609,2021-07-07,497.414306640625,478.6417236328125,465.28460693359375,0.03922053193635455,0.06905386343807596
610,610,610,610,2021-07-08,497.414306640625,482.97607421875,469.7075500488281,0.02989430158673989,0.0589872498087729
611,611,611,611,2021-07-09,495.8693542480469,481.7671813964844,469.3733825683594,0.02927175904901813,0.05644966813990271
612,612,612,612,2021-07-12,497.0206604003906,482.6320190429688,470.3856506347656,0.029812861123374335,0.05662377185545986
613,613,613,613,2021-07-13,498.5852661132813,489.109130859375,474.3465576171875,0.019374275915185812,0.051099155473697255
614,614,614,614,2021-07-14,497.4733276367188,492.3820495605469,477.7570495605469,0.01034009684292081,0.04126841894705158
615,615,615,615,2021-07-15,495.1215515136719,497.414306640625,478.6417236328125,-0.00460934696960702,0.034430403926720254
616,616,616,616,2021-07-16,493.4880981445313,497.414306640625,482.97607421875,-0.007893235967839418,0.021765102842382644
617,617,617,617,2021-07-19,490.8017578125,495.8693542480469,481.7671813964844,-0.0102196201320639,0.018752992658875867
618,618,618,618,2021-07-20,500.42529296875,497.0206604003906,482.6320190429688,0.006850082581308925,0.03686716426536352
619,619,619,619,2021-07-21,506.2210388183594,498.5852661132813,489.109130859375,0.01531487836494394,0.03498586895917977
620,620,620,620,2021-07-22,512.971435546875,497.4733276367188,492.3820495605469,0.031153645932699536,0.041815874491574645
621,621,621,621,2021-07-23,519.9774780273438,495.1215515136719,497.414306640625,0.05020166550553706,0.04536092164116279
622,622,622,622,2021-07-26,520.8434448242188,493.4880981445313,497.414306640625,0.05543263714472735,0.047101858291584975
623,623,623,623,2021-07-27,514.5457763671875,490.8017578125,495.8693542480469,0.048378022647095786,0.03766399750083815
624,624,624,624,2021-07-28,514.732666015625,500.42529296875,497.0206604003906,0.02859042747818985,0.03563635684875943
625,625,625,625,2021-07-29,517.104248046875,506.2210388183594,498.5852661132813,0.02149892713649293,0.037143058955508845
626,626,626,626,2021-07-30,521.4927978515625,512.971435546875,497.4733276367188,0.016611767662273236,0.048282930723039685
627,627,627,627,2021-08-02,519.072265625,519.9774780273438,495.1215515136719,-0.0017408684810309438,0.048373402527332354
628,628,628,628,2021-08-03,521.699462890625,520.8434448242188,493.4880981445313,0.0016435227800459806,0.05716726472667877
629,629,629,629,2021-08-04,527.4854736328125,514.5457763671875,490.8017578125,0.025147805812307356,0.07474242957851573
630,630,630,630,2021-08-05,529.404296875,514.732666015625,500.42529296875,0.028503399585931177,0.05790875144286445
631,631,631,631,2021-08-06,525.7437744140625,517.104248046875,506.2210388183594,0.016707513813354558,0.03856563457195272
632,632,632,632,2021-08-09,526.6687622070312,521.4927978515625,512.971435546875,0.009925284446482552,0.026701928627962834
633,633,633,633,2021-08-10,521.6503295898438,519.072265625,519.9774780273438,0.004966676387033742,0.003217161575625127
634,634,634,634,2021-08-11,523.716796875,521.699462890625,520.8434448242188,0.003866850797962007,0.005516728835381679
635,635,635,635,2021-08-12,528.3317260742188,527.4854736328125,514.5457763671875,0.0016043142109261055,0.026792465005471833
636,636,636,636,2021-08-13,532.090576171875,529.404296875,514.732666015625,0.0050741546918522396,0.03372218493652612
637,637,637,637,2021-08-16,534.2554931640625,525.7437744140625,517.104248046875,0.016189861229429114,0.033167867372910775
638,638,638,638,2021-08-17,527.2886352539062,526.6687622070312,521.4927978515625,0.0011769694566228228,0.011113935659747165
639,639,639,639,2021-08-18,524.4547119140625,521.6503295898438,519.072265625,0.005375981122112572,0.010369358267642514
640,640,640,640,2021-08-19,534.7474975585938,523.716796875,521.699462890625,0.02106233893855136,0.025010634658644948
641,641,641,641,2021-08-20,536.5775756835938,528.3317260742188,527.4854736328125,0.015607333806443968,0.017236687084790425
642,642,642,642,2021-08-23,543.6526489257812,532.090576171875,529.404296875,0.02172951988191474,0.0269139335190276
643,643,643,643,2021-08-24,545.158203125,534.2554931640625,525.7437744140625,0.020407295948175586,0.03692754846707369
644,644,644,644,2021-08-25,546.7227172851562,527.2886352539062,526.6687622070312,0.03685662980749038,0.03807697839167057
645,645,645,645,2021-08-26,543.80029296875,524.4547119140625,521.6503295898438,0.036887038318491605,0.04246132346225484
646,646,646,646,2021-08-27,556.887451171875,534.7474975585938,523.716796875,0.04140263154921131,0.0633370067464003
647,647,647,647,2021-08-30,556.5234985351562,536.5775756835938,528.3317260742188,0.037172486804264215,0.053359984020677986
648,648,648,648,2021-08-31,557.0546875,543.6526489257812,532.090576171875,0.02465184084120664,0.04691703338880626
649,649,649,649,2021-09-01,554.1224975585938,545.158203125,534.2554931640625,0.016443473439834433,0.037186336216912474
650,650,650,650,2021-09-02,550.8359375,546.7227172851562,527.2886352539062,0.0075234119322289406,0.04465732934819466
651,651,651,651,2021-09-03,554.240478515625,543.80029296875,524.4547119140625,0.01919856550624366,0.056793782046224095
652,652,652,652,2021-09-07,551.5050048828125,556.887451171875,534.7474975585938,-0.009665231776611383,0.03133723374251529
653,653,653,653,2021-09-08,558.5111694335938,556.5234985351562,536.5775756835938,0.0035715848543131923,0.04087683634944472
654,654,654,654,2021-09-09,558.6685791015625,557.0546875,543.6526489257812,0.002897187004754276,0.027620448838889367
655,655,655,655,2021-09-10,558.304443359375,554.1224975585938,545.158203125,0.007546969883385879,0.024114541722048966
656,656,656,656,2021-09-13,548.5037231445312,550.8359375,546.7227172851562,-0.004233954607343993,0.003257603540271603
657,657,657,657,2021-09-14,559.1802978515625,554.240478515625,543.80029296875,0.00891277257331935,0.028282450527654213
658,658,658,658,2021-09-15,562.9588623046875,551.5050048828125,556.887451171875,0.020768365328450278,0.010902402487318108
659,659,659,659,2021-09-16,563.7164916992188,558.5111694335938,556.5234985351562,0.009319996717171986,0.012924868730602501
660,660,660,660,2021-09-17,552.8629150390625,558.6685791015625,557.0546875,-0.010391964537967313,-0.00752488499782622
661,661,661,661,2021-09-20,545.5320434570312,558.304443359375,554.1224975585938,-0.02287712386004115,-0.015502806941445568
662,662,662,662,2021-09-21,546.3685302734375,548.5037231445312,550.8359375,-0.0038927591208549606,-0.00811023196278382
663,663,663,663,2021-09-22,553.7977294921875,559.1802978515625,554.240478515625,-0.00962581904272286,-0.0007988392053631665
664,664,664,664,2021-09-23,568.1346435546875,562.9588623046875,551.5050048828125,0.009193888926112503,0.030153196298569496
665,665,665,665,2021-09-24,568.6758422851562,563.7164916992188,558.5111694335938,0.008797597123668455,0.018199587417152108
666,666,666,666,2021-09-27,557.9403076171875,552.8629150390625,558.6685791015625,0.009183818339065564,-0.0013035841134043658
667,667,667,667,2021-09-28,536.292236328125,545.5320434570312,558.304443359375,-0.016937239965509,-0.03942688848901199
668,668,668,668,2021-09-29,538.1815795898438,546.3685302734375,548.5037231445312,-0.014984301309404646,-0.01881873015466773
669,669,669,669,2021-09-30,530.8801879882812,553.7977294921875,559.1802978515625,-0.0413825125735362,-0.050609991038693014
670,670,670,670,2021-10-01,535.268798828125,568.1346435546875,562.9588623046875,-0.05784868974179869,-0.04918665524369337
671,671,671,671,2021-10-04,516.9467163085938,568.6758422851562,563.7164916992188,-0.0909641699719389,-0.08296683896837254
672,672,672,672,2021-10-05,524.81884765625,557.9403076171875,552.8629150390625,-0.059363805605639586,-0.050725173673171864
673,673,673,673,2021-10-06,526.0587158203125,536.292236328125,545.5320434570312,-0.01908198518382287,-0.03569602898725521
674,674,674,674,2021-10-07,529.8026123046875,538.1815795898438,546.3685302734375,-0.01556903395233633,-0.030320044165902726
675,675,675,675,2021-10-08,523.2899780273438,530.8801879882812,553.7977294921875,-0.014297406708093319,-0.055088256668762936
676,676,676,676,2021-10-11,517.6641845703125,535.268798828125,568.1346435546875,-0.03288929654849049,-0.08883538357842957
677,677,677,677,2021-10-12,519.280029296875,516.9467163085938,568.6758422851562,0.0045136431176948655,-0.08686110665399471
678,678,678,678,2021-10-13,527.0537109375,524.81884765625,557.9403076171875,0.0042583517936340964,-0.05535824578008319
679,679,679,679,2021-10-14,535.763427734375,526.0587158203125,536.292236328125,0.018447963358860786,-0.000986045588447504
680,680,680,680,2021-10-15,544.0199584960938,529.8026123046875,538.1815795898438,0.026835175707344172,0.010848343993303367
681,681,681,681,2021-10-18,556.237060546875,523.2899780273438,530.8801879882812,0.06296142464591514,0.04776383284273833
682,682,682,682,2021-10-19,564.35546875,517.6641845703125,535.268798828125,0.09019608767881748,0.05434030525514477
683,683,683,683,2021-10-20,562.1190795898438,519.280029296875,516.9467163085938,0.08249701100767237,0.08738301619133249
684,684,684,684,2021-10-21,569.8237915039062,527.0537109375,524.81884765625,0.08114937752801077,0.08575329191899361
685,685,685,685,2021-10-22,582.0902099609375,535.763427734375,526.0587158203125,0.08646872822668805,0.10651186351556219
686,686,686,686,2021-10-25,593.6768798828125,544.0199584960938,529.8026123046875,0.091277756654355,0.12056238699969102
687,687,687,687,2021-10-26,599.6376342773438,556.237060546875,523.2899780273438,0.07802531835580795,0.14589932820385587
688,688,688,688,2021-10-27,604.0911254882812,564.35546875,517.6641845703125,0.07040891590240528,0.16695561233332668
689,689,689,689,2021-10-28,606.33740234375,562.1190795898438,519.280029296875,0.07866362192539467,0.16765014661694955
690,690,690,690,2021-10-29,616.761474609375,569.8237915039062,527.0537109375,0.08237227684296689,0.17020611336234936
691,691,691,691,2021-11-01,599.834716796875,582.0902099609375,535.763427734375,0.030484118324423104,0.11958876949373587
692,692,692,692,2021-11-02,609.2735595703125,593.6768798828125,544.0199584960938,0.026271327410591905,0.11994707189531773
693,693,693,693,2021-11-03,613.6875,599.6376342773438,556.237060546875,0.023430593611070583,0.10328409149264806
694,694,694,694,2021-11-04,616.4561157226562,604.0911254882812,564.35546875,0.020468750015786963,0.09231884841668103
695,695,695,695,2021-11-05,605.923583984375,606.33740234375,562.1190795898438,-0.0006824885909650913,0.07792744630994153
696,696,696,696,2021-11-08,606.1798095703125,616.761474609375,569.8237915039062,-0.01715681908595923,0.06380221150551413
697,697,697,697,2021-11-09,603.7462768554688,599.834716796875,582.0902099609375,0.00652106313466061,0.03720397031928191
698,698,698,698,2021-11-10,595.0758666992188,609.2735595703125,593.6768798828125,-0.023302657153063788,0.002356478521923222
699,699,699,699,2021-11-11,597.9234008789062,613.6875,599.6376342773438,-0.02568750238695383,-0.0028587822051953093
700,700,700,700,2021-11-12,617.7467651367188,616.4561157226562,604.0911254882812,0.002093659842354656,0.022605264458072982
701,701,701,701,2021-11-15,616.9093627929688,605.923583984375,606.33740234375,0.018130634124446043,0.01743577158254417
702,702,702,702,2021-11-16,636.2400512695312,606.1798095703125,616.761474609375,0.049589645225113665,0.031582025567490124
703,703,703,703,2021-11-17,625.6978149414062,603.7462768554688,599.834716796875,0.036358879429069235,0.04311704111199255
704,704,704,704,2021-11-18,619.66796875,595.0758666992188,609.2735595703125,0.041325994594923365,0.017060331958304698
705,705,705,705,2021-11-19,682.13330078125,597.9234008789062,613.6875,0.14083727075836294,0.11153201064263163
706,706,706,706,2021-11-22,651.8760986328125,617.7467651367188,616.4561157226562,0.05524809747654502,0.05745742804195286
707,707,707,707,2021-11-23,660.743408203125,616.9093627929688,605.923583984375,0.07105427158975819,0.09047316471537714
708,708,708,708,2021-11-24,673.9163208007812,636.2400512695312,606.1798095703125,0.0592170666654388,0.11174326521776345
709,709,709,709,2021-11-26,657.0782470703125,625.6978149414062,603.7462768554688,0.05015269572556336,0.08833507097156135
710,710,710,710,2021-11-29,684.4190673828125,619.66796875,595.0758666992188,0.10449321555772695,0.15013749621399497
711,711,711,711,2021-11-30,642.68359375,682.13330078125,597.9234008789062,-0.057832841449124484,0.07485940975934269
712,712,712,712,2021-12-01,654.1026611328125,651.8760986328125,617.7467651367188,0.0034156222396706237,0.058852426346656106
713,713,713,713,2021-12-02,662.2113647460938,660.743408203125,616.9093627929688,0.0022216741396796635,0.0734338051671426
714,714,714,714,2021-12-03,638.4075927734375,673.9163208007812,636.2400512695312,-0.05269011438267368,0.0034067982667567165
715,715,715,715,2021-12-06,635.8262329101562,657.0782470703125,625.6978149414062,-0.03234320152114567,0.01618739545973713
716,716,716,716,2021-12-07,663.3739624023438,684.4190673828125,619.66796875,-0.03074885838722219,0.0705313100828946
717,717,717,717,2021-12-08,663.137451171875,642.68359375,682.13330078125,0.03182570337999224,-0.027847708926714176
718,718,718,718,2021-12-09,655.6988525390625,654.1026611328125,651.8760986328125,0.002440276582097445,0.0058642338847327835
719,719,719,719,2021-12-10,667.9555053710938,662.2113647460938,660.743408203125,0.008674180074216054,0.01091512541544959
720,720,720,720,2021-12-13,658.8812866210938,638.4075927734375,673.9163208007812,0.03206994102108385,-0.022309942222236256
721,721,721,721,2021-12-14,630.0525512695312,635.8262329101562,657.0782470703125,-0.009080596775944638,-0.041130102725633666
722,722,722,722,2021-12-15,637.9444580078125,663.3739624023438,684.4190673828125,-0.0383335883465199,-0.06790373265420091
723,723,723,723,2021-12-16,624.6140747070312,663.137451171875,642.68359375,-0.05809259663553379,-0.02811573100463749
724,724,724,724,2021-12-17,611.1258544921875,655.6988525390625,654.1026611328125,-0.06797784970078102,-0.06570345787340981
725,725,725,725,2021-12-20,595.7163696289062,667.9555053710938,662.2113647460938,-0.10814962248429083,-0.10041355171046196
726,726,726,726,2021-12-21,611.9139404296875,658.8812866210938,638.4075927734375,-0.07128347267573254,-0.04149958841913748
727,727,727,727,2021-12-22,622.3478393554688,630.0525512695312,635.8262329101562,-0.012228681398936958,-0.021198234449996356
728,728,728,728,2021-12-23,626.3381958007812,637.9444580078125,663.3739624023438,-0.018193217389607108,-0.05582939443001511
729,729,729,729,2021-12-27,643.146728515625,624.6140747070312,663.137451171875,0.029670567089424393,-0.030145669831982858
730,730,730,730,2021-12-28,640.2007446289062,611.1258544921875,655.6988525390625,0.047575945155975186,-0.023636014993991372
731,731,731,731,2021-12-29,638.4765014648438,595.7163696289062,667.9555053710938,0.07177934670919717,-0.04413318502386243
732,732,732,732,2021-12-30,633.8753051757812,611.9139404296875,658.8812866210938,0.035889629725827765,-0.037952180389807966
733,733,733,733,2021-12-31,633.7374267578125,622.3478393554688,630.0525512695312,0.01830099934811269,0.005848520858865447
734,734,734,734,2022-01-03,622.16064453125,626.3381958007812,637.9444580078125,-0.006669801231250494,-0.02474167347711198
735,735,735,735,2022-01-04,609.20458984375,643.146728515625,624.6140747070312,-0.052775108955639194,-0.02467040927713471
736,736,736,736,2022-01-05,584.9474487304688,640.2007446289062,611.1258544921875,-0.08630620373686881,-0.042836357796499414
737,737,737,737,2022-01-06,577.7453002929688,638.4765014648438,595.7163696289062,-0.09511892925196253,-0.030167157144149526
738,738,738,738,2022-01-07,559.8419799804688,633.8753051757812,611.9139404296875,-0.11679477744409394,-0.08509686903464508
739,739,739,739,2022-01-10,562.4364013671875,633.7374267578125,622.3478393554688,-0.1125087810505363,-0.0962668048310864
740,740,740,740,2022-01-11,570.850341796875,622.16064453125,626.3381958007812,-0.08247114822415902,-0.08859088328944131
741,741,741,741,2022-01-12,569.4102172851562,609.20458984375,643.146728515625,-0.06532185282583025,-0.11464959388140206
742,742,742,742,2022-01-13,545.4011840820312,584.9474487304688,640.2007446289062,-0.06760652556783708,-0.14807786673510626
743,743,743,743,2022-01-14,543.3001098632812,577.7453002929688,638.4765014648438,-0.05962002704690228,-0.14906796316419046
744,744,744,744,2022-01-18,530.5065307617188,559.8419799804688,633.8753051757812,-0.05239951677038124,-0.1630743043151004
745,745,745,745,2022-01-19,537.93408203125,562.4364013671875,633.7374267578125,-0.043564604418164454,-0.15117198492866424
746,746,746,746,2022-01-20,537.2140502929688,570.850341796875,622.16064453125,-0.05892313456102827,-0.13653482422097263
747,747,747,747,2022-01-21,521.3624877929688,569.4102172851562,609.20458984375,-0.08438157242992628,-0.14419146460027688
748,748,748,748,2022-01-24,527.4091796875,545.4011840820312,584.9474487304688,-0.03298856863468991,-0.09836485169367948
749,749,749,749,2022-01-25,508.973388671875,543.3001098632812,577.7453002929688,-0.06318187787601293,-0.11903499965507325
750,750,750,750,2022-01-26,500.57904052734375,530.5065307617188,559.8419799804688,-0.05641304771762967,-0.10585654804806266
751,751,751,751,2022-01-27,510.1865539550781,537.93408203125,562.4364013671875,-0.051581650992249206,-0.09289912118970045
752,752,752,752,2022-01-28,527.5473022460938,537.2140502929688,570.850341796875,-0.017994220444538356,-0.07585707913299233
753,753,753,753,2022-01-31,547.6797485351562,521.3624877929688,569.4102172851562,0.050477856306067714,-0.03816311701185637
754,754,754,754,2022-02-01,553.2034912109375,527.4091796875,545.4011840820312,0.04890758924355687,0.014305629244348639
755,755,755,755,2022-02-02,554.653564453125,508.973388671875,543.3001098632812,0.08974963484917886,0.020897206504708388
756,756,756,756,2022-02-03,528.3068237304688,500.57904052734375,530.5065307617188,0.055391418653714775,-0.004146427807574016
757,757,757,757,2022-02-04,536.6221313476562,510.1865539550781,537.93408203125,0.051815511772397294,-0.0024388688640805123
758,758,758,758,2022-02-07,537.864990234375,527.5473022460938,537.2140502929688,0.019557844281171466,0.0012116956752179497
759,759,759,759,2022-02-08,546.6932983398438,547.6797485351562,521.3624877929688,-0.0018011441868188705,0.048585794221800205
760,760,760,760,2022-02-09,571.5210571289062,553.2034912109375,527.4091796875,0.03311180462341712,0.08363881240660875
761,761,761,761,2022-02-10,549.997802734375,554.653564453125,508.973388671875,-0.008393999456832946,0.08060227700617095
762,762,762,762,2022-02-11,528.5238647460938,528.3068237304688,500.57904052734375,0.00041082379760393195,0.05582499856428469
763,763,763,763,2022-02-14,521.855712890625,536.6221313476562,510.1865539550781,-0.027517348976918488,0.022872337275620103
764,764,764,764,2022-02-15,520.60302734375,537.864990234375,527.5473022460938,-0.03209348666308076,-0.01316332179650559
765,765,765,765,2022-02-16,520.968017578125,546.6932983398438,547.6797485351562,-0.04705614800810487,-0.048772537287484874
766,766,766,766,2022-02-17,489.4327087402344,571.5210571289062,553.2034912109375,-0.14363136294758938,-0.11527545195188804
767,767,767,767,2022-02-18,474.6564025878906,549.997802734375,554.653564453125,-0.13698491116131062,-0.14422905934826113
768,768,768,768,2022-02-22,476.6785583496094,528.5238647460938,528.3068237304688,-0.09809454190188971,-0.09772401767651417
769,769,769,769,2022-02-23,460.6495361328125,521.855712890625,536.6221313476562,-0.11728563134584413,-0.14157559067504077
770,770,770,770,2022-02-24,490.3698425292969,520.60302734375,537.864990234375,-0.058073394172735715,-0.088303103134454
771,771,771,771,2022-02-25,480.5550537109375,520.968017578125,546.6932983398438,-0.07757283077579158,-0.12097870017750312
772,772,772,772,2022-02-28,467.9192810058594,489.4327087402344,571.5210571289062,-0.043955843878414,-0.1812737690602353
773,773,773,773,2022-03-01,462.2079772949219,474.6564025878906,549.997802734375,-0.026226182192209513,-0.15961850211581985
774,774,774,774,2022-03-02,479.39111328125,476.6785583496094,528.5238647460938,0.005690532716705832,-0.09296221938520688
775,775,775,775,2022-03-03,466.27197265625,460.6495361328125,521.855712890625,0.012205453565932833,-0.10651170210725414
776,776,776,776,2022-03-04,458.6274108886719,490.3698425292969,520.60302734375,-0.06473161456442655,-0.11904582416912479
777,777,777,777,2022-03-07,431.442138671875,480.5550537109375,520.968017578125,-0.10220039235838485,-0.17184524939253987
778,778,778,778,2022-03-08,436.1966247558594,467.9192810058594,489.4327087402344,-0.06779514659410402,-0.10877099759311337
779,779,779,779,2022-03-09,458.4201965332031,462.2079772949219,474.6564025878906,-0.00819497054959284,-0.03420622995110889
780,780,780,780,2022-03-10,446.2184753417969,479.39111328125,476.6785583496094,-0.06919744029545938,-0.0639006778766672
781,781,781,781,2022-03-11,433.345947265625,466.27197265625,460.6495361328125,-0.07061549336335315,-0.05927193392270225
782,782,782,782,2022-03-14,418.855712890625,458.6274108886719,490.3698425292969,-0.08671897286074148,-0.14583712829852358
783,783,783,783,2022-03-15,433.7009582519531,431.442138671875,480.5550537109375,0.005235509880957778,-0.09749995364145714
784,784,784,784,2022-03-16,451.6732482910156,436.1966247558594,467.9192810058594,0.03548084202581481,-0.03471973345471169
785,785,785,785,2022-03-17,467.30767822265625,458.4201965332031,462.2079772949219,0.019387194885095882,0.011033346844380398
786,786,786,786,2022-03-18,473.3445129394531,446.2184753417969,479.39111328125,0.06079093335810026,-0.012613083918911583
787,787,787,787,2022-03-21,460.15631103515625,433.345947265625,466.27197265625,0.06186826930931821,-0.013116082414849295
788,788,788,788,2022-03-22,469.5172424316406,418.855712890625,458.6274108886719,0.12095222288216645,0.02374439748786017
789,789,789,789,2022-03-23,455.1651306152344,433.7009582519531,431.442138671875,0.04949071924994897,0.05498533828055541
790,790,790,790,2022-03-24,459.2981262207031,451.6732482910156,436.1966247558594,0.01688140255934467,0.052961210962541694
791,791,791,791,2022-03-25,453.10357666015625,467.30767822265625,458.4201965332031,-0.030395609198041518,-0.011597699912119341
792,792,792,792,2022-03-28,473.9659423828125,473.3445129394531,446.2184753417969,0.0013128480976789536,0.06218359071699453
793,793,793,793,2022-03-29,478.7598876953125,460.15631103515625,433.345947265625,0.04042881997707726,0.10479835040859498
794,794,794,794,2022-03-30,465.5322265625,469.5172424316406,418.855712890625,-0.008487475025415803,0.11143816888576996
795,795,795,795,2022-03-31,474.3013305664063,455.1651306152344,433.7009582519531,0.042042324123787944,0.09361374823356261
796,796,796,796,2022-04-01,477.3492431640625,459.2981262207031,451.6732482910156,0.039301525333646614,0.05684639276334491
797,797,797,797,2022-04-04,498.77392578125,453.10357666015625,467.30767822265625,0.10079450146417224,0.0673351819903143
798,798,798,798,2022-04-05,489.3044738769531,473.9659423828125,473.3445129394531,0.03236209635027332,0.033717430964582684
799,799,799,799,2022-04-06,483.54388427734375,478.7598876953125,460.15631103515625,0.009992475779582843,0.0508252797610782
800,800,800,800,2022-04-07,488.2785949707031,465.5322265625,469.5172424316406,0.048860996318477845,0.03995881480709218
801,801,801,801,2022-04-08,476.92919921875,474.3013305664063,455.1651306152344,0.005540504491533982,0.047815764300964236
802,802,802,802,2022-04-11,467.5455322265625,477.3492431640625,459.2981262207031,-0.0205378160286106,0.01795654180808981
803,803,803,803,2022-04-12,455.9690246582031,498.77392578125,453.10357666015625,-0.08582024622878959,0.006324046301219299
804,804,804,804,2022-04-13,464.6613464355469,489.3044738769531,473.9659423828125,-0.05036358495999227,-0.019631359798739534
805,805,805,805,2022-04-14,459.4162902832031,483.54388427734375,478.7598876953125,-0.049897423540366526,-0.04040354655697431
806,806,806,806,2022-04-18,463.2982482910156,488.2785949707031,465.5322265625,-0.051160028182653194,-0.0047987618128612075
807,807,807,807,2022-04-19,479.1320190429688,476.92919921875,474.3013305664063,0.0046187564691513305,0.010184851201648026
808,808,808,808,2022-04-20,476.05023193359375,467.5455322265625,477.3492431640625,0.01819009940385885,-0.002721301539850285
809,809,809,809,2022-04-21,459.94970703125,455.9690246582031,498.77392578125,0.00873015963316992,-0.077839311044955
810,810,810,810,2022-04-22,437.8634643554688,464.6613464355469,489.3044738769531,-0.057671855611934775,-0.10513087917201502
811,811,811,811,2022-04-25,441.4588623046875,459.4162902832031,483.54388427734375,-0.03908748635675485,-0.0870345450352501
812,812,812,812,2022-04-26,416.1919860839844,463.2982482910156,488.2785949707031,-0.10167589102871366,-0.14763417776084153
813,813,813,813,2022-04-27,413.12994384765625,479.1320190429688,476.92919921875,-0.1377534219632136,-0.1337709150029025
814,814,814,814,2022-04-28,439.13763427734375,476.05023193359375,467.5455322265625,-0.07753929140275917,-0.06075963941722129
815,815,815,815,2022-04-29,413.6238708496094,459.94970703125,455.9690246582031,-0.10071935142790112,-0.09286848781084611
816,816,816,816,2022-05-02,421.7827453613281,437.8634643554688,464.6613464355469,-0.03672541854527955,-0.09227925112158308
817,817,817,817,2022-05-03,425.56585693359375,441.4588623046875,459.4162902832031,-0.03600110163860448,-0.0736813954262322
818,818,818,818,2022-05-04,442.4367370605469,416.1919860839844,463.2982482910156,0.06305924153778997,-0.045028254061873385
819,819,819,819,2022-05-05,404.8426513671875,413.12994384765625,479.1320190429688,-0.020059772001239207,-0.15504989172748018
820,820,820,820,2022-05-06,390.8658752441406,439.13763427734375,476.05023193359375,-0.10992398570584905,-0.17893984914880967
821,821,821,821,2022-05-09,362.5172119140625,413.6238708496094,459.94970703125,-0.12355829181369682,-0.21183293222658306
822,822,822,822,2022-05-10,366.6460571289063,421.7827453613281,437.8634643554688,-0.13072295829737635,-0.1626475214857076
823,823,823,823,2022-05-11,351.8099975585937,425.56585693359375,441.4588623046875,-0.17331244547306124,-0.20307410814695492
824,824,824,824,2022-05-12,349.55780029296875,442.4367370605469,416.1919860839844,-0.20992591479777545,-0.16010444222625986
825,825,825,825,2022-05-13,367.2090759277344,404.8426513671875,413.12994384765625,-0.09295852428680973,-0.11115356948528388
826,826,826,826,2022-05-16,355.18804931640625,390.8658752441406,439.13763427734375,-0.09127894806741432,-0.19116918799065608
827,827,827,827,2022-05-17,367.3177185058594,362.5172119140625,413.6238708496094,0.013242148052641678,-0.11195232095438368
828,828,828,828,2022-05-18,348.98492431640625,366.6460571289063,421.7827453613281,-0.04816943335160617,-0.17259554082175232
829,829,829,829,2022-05-19,357.8944396972656,351.8099975585937,425.56585693359375,0.017294682302649855,-0.15901514685396323
830,830,830,830,2022-05-20,363.27777099609375,349.55780029296875,442.4367370605469,0.039249505208083235,-0.17891589787585904
831,831,831,831,2022-05-23,366.8237915039063,367.2090759277344,404.8426513671875,-0.0010492235870114275,-0.09391021359752572
832,832,832,832,2022-05-24,354.5756225585937,355.18804931640625,390.8658752441406,-0.0017242324424801003,-0.09284579438632112
833,833,833,833,2022-05-25,383.69476318359375,367.3177185058594,362.5172119140625,0.04458550146818774,0.058418057332272344
834,834,834,834,2022-05-26,401.44482421875,348.98492431640625,366.6460571289063,0.15032139283696133,0.09491106317177467
835,835,835,835,2022-05-27,417.3081665039063,357.8944396972656,351.8099975585937,0.1660090803782739,0.18617483698542125
836,836,836,836,2022-05-31,409.3863220214844,363.27777099609375,349.55780029296875,0.12692367853657194,0.1711548753264056
837,837,837,837,2022-06-01,403.3709106445313,366.8237915039063,367.2090759277344,0.09963126707455072,0.09847750801212074
838,838,838,838,2022-06-02,421.634521484375,354.5756225585937,355.18804931640625,0.18912439169362183,0.18707406483931943
839,839,839,839,2022-06-03,403.9438171386719,383.69476318359375,367.3177185058594,0.052773860625742186,0.09971231113434098
840,840,840,840,2022-06-06,403.9635620117188,401.44482421875,348.98492431640625,0.006274181758029851,0.1575387183357706
841,841,841,841,2022-06-07,411.5494995117188,417.3081665039063,357.8944396972656,-0.013799554991775098,0.14991867395268477
842,842,842,842,2022-06-08,409.3863220214844,409.3863220214844,363.27777099609375,0.0,0.12692367853657194
843,843,843,843,2022-06-09,395.6466064453125,403.3709106445313,366.8237915039063,-0.019149383347640048,0.07857400640028889
844,844,844,844,2022-06-10,376.5532836914063,421.634521484375,354.5756225585937,-0.10692017730013914,0.06198300090181985
845,845,845,845,2022-06-13,359.5341491699219,403.9438171386719,383.69476318359375,-0.1099402097136305,-0.0629683183924803
846,846,846,846,2022-06-14,360.3144836425781,403.9635620117188,401.44482421875,-0.10805201873102221,-0.10245577497783276
847,847,847,847,2022-06-15,373.9060668945313,411.5494995117188,417.3081665039063,-0.09146756990799254,-0.10400491313885829
848,848,848,848,2022-06-16,355.2275695800781,409.3863220214844,409.3863220214844,-0.13229253037565825,-0.13229253037565825
849,849,849,849,2022-06-17,365.1841430664063,395.6466064453125,403.3709106445313,-0.07699412274149453,-0.09466911611724249
850,850,850,850,2022-06-21,372.8096618652344,376.5532836914063,421.634521484375,-0.009941811659355815,-0.11579900869419202
851,851,851,851,2022-06-22,376.1778869628906,359.5341491699219,403.9438171386719,0.04629250887960201,-0.06873710896842211
852,852,852,852,2022-06-23,395.84417724609375,360.3144836425781,403.9635620117188,0.09860745325675024,-0.02009929986058867
853,853,853,853,2022-06-24,412.5076599121094,373.9060668945313,411.5494995117188,0.10323874479540485,0.002328177780625218
854,854,854,854,2022-06-27,399.7655944824219,355.2275695800781,409.3863220214844,0.12537885208344912,-0.023500363889924047
855,855,855,855,2022-06-28,381.5611877441406,365.1841430664063,395.6466064453125,0.04484599068354478,-0.03560100976910263
856,856,856,856,2022-06-29,384.8899841308594,372.8096618652344,376.5532836914063,0.03240345812172607,0.022139497384612294
857,857,857,857,2022-06-30,380.7215881347656,376.1778869628906,359.5341491699219,0.012078597199210783,0.058930254646910374
858,858,858,858,2022-07-01,383.5564575195313,395.84417724609375,360.3144836425781,-0.0310418099668629,0.06450468946457488
859,859,859,859,2022-07-05,395.3206787109375,412.5076599121094,373.9060668945313,-0.041664635281763784,0.05727270486479341
860,860,860,860,2022-07-06,399.9532775878906,399.7655944824219,355.2275695800781,0.00046948288711967656,0.1259071981960287
861,861,861,861,2022-07-07,405.8106689453125,381.5611877441406,365.1841430664063,0.06355332245540812,0.11124942484569633
862,862,862,862,2022-07-08,402.4962158203125,384.8899841308594,372.8096618652344,0.04574354338996556,0.07962925050426772
863,863,863,863,2022-07-11,398.2912902832031,380.7215881347656,376.1778869628906,0.04614842629364713,0.05878443174543624
864,864,864,864,2022-07-12,381.77825927734375,383.5564575195313,395.84417724609375,-0.004636079532299386,-0.03553397719932938
865,865,865,865,2022-07-13,379.2453918457031,395.3206787109375,412.5076599121094,-0.040663915982469434,-0.08063430403569538
866,866,866,866,2022-07-14,375.84185791015625,399.9532775878906,399.7655944824219,-0.06028559091489338,-0.0598444110810481
867,867,867,867,2022-07-15,388.7930603027344,405.8106689453125,381.5611877441406,-0.041934847811681,0.01895337573863287
868,868,868,868,2022-07-18,384.1330261230469,402.4962158203125,384.8899841308594,-0.04562326048169252,-0.001966686687162933
869,869,869,869,2022-07-19,399.5774536132813,398.2912902832031,380.7215881347656,0.0032292027504885468,0.04952665166925385
870,870,870,870,2022-07-20,415.9915771484375,381.77825927734375,383.5564575195313,0.08961567883895505,0.08456413389221717
871,871,871,871,2022-07-21,430.0904541015625,379.2453918457031,395.3206787109375,0.13406903115792068,0.08795334335659444
872,872,872,872,2022-07-22,430.1300354003906,375.84185791015625,399.9532775878906,0.14444420265507474,0.0754507076288895
873,873,873,873,2022-07-25,421.6806335449219,388.7930603027344,405.8106689453125,0.08458888956654609,0.03910681954433293
874,874,874,874,2022-07-26,409.82763671875,384.1330261230469,402.4962158203125,0.06688987628851395,0.018214881557322427
875,875,875,875,2022-07-27,428.5667419433594,399.5774536132813,398.2912902832031,0.07254986002822483,0.07601334098626422
876,876,876,876,2022-07-28,443.8331604003906,415.9915771484375,381.77825927734375,0.0669282379292464,0.16254173624372603
877,877,877,877,2022-07-29,451.3328247070313,430.0904541015625,379.2453918457031,0.04939047217368042,0.19008123608435867
878,878,878,878,2022-08-01,443.70452880859375,430.1300354003906,375.84185791015625,0.03155904561644296,0.18056176945213975
879,879,879,879,2022-08-02,442.2302856445313,421.6806335449219,388.7930603027344,0.048732738629364336,0.1374438764421051
880,880,880,880,2022-08-03,460.8112182617188,409.82763671875,384.1330261230469,0.1244024974771456,0.19961364143188787
881,881,881,881,2022-08-04,461.3553771972656,428.5667419433594,399.5774536132813,0.07650765223923917,0.15460813172850885
882,882,882,882,2022-08-05,464.0168151855469,443.8331604003906,415.9915771484375,0.045475770145133376,0.11544762123866903
883,883,883,883,2022-08-08,461.8105163574219,451.3328247070313,430.0904541015625,0.023215000276551656,0.07375207227540304
884,884,884,884,2022-08-09,457.1702270507813,443.70452880859375,430.1300354003906,0.0303483452791089,0.06286515570859885
885,885,885,885,2022-08-10,473.0203552246094,442.2302856445313,421.6806335449219,0.06962451595824759,0.12175024792600131
886,886,886,886,2022-08-11,473.693115234375,460.8112182617188,409.82763671875,0.027954825017606044,0.15583497254347822
887,887,887,887,2022-08-12,481.4994812011719,461.3553771972656,428.5667419433594,0.0436628789855702,0.12351107558600116
888,888,888,888,2022-08-15,484.042236328125,464.0168151855469,443.8331604003906,0.043156671239533706,0.09059502424618526
889,889,889,889,2022-08-16,483.00335693359375,461.8105163574219,451.3328247070313,0.045890770836776396,0.07017112537099512
890,890,890,890,2022-08-17,473.2281188964844,457.1702270507813,443.70452880859375,0.03512453544775429,0.0665388522564001
891,891,891,891,2022-08-18,472.69384765625,473.0203552246094,442.2302856445313,-0.0006902611372915368,0.06888619572338728
892,892,892,892,2022-08-19,459.0302734375,473.693115234375,460.8112182617188,-0.030954306333162762,-0.0038648035326416252
893,893,893,893,2022-08-22,441.3893432617188,481.4994812011719,461.3553771972656,-0.08330255691946409,-0.04327690739585721
894,894,894,894,2022-08-23,444.7928466796875,484.042236328125,464.0168151855469,-0.08108670422270947,-0.041429465219212536
895,895,895,895,2022-08-24,460.8309631347656,483.00335693359375,461.8105163574219,-0.04590525817375746,-0.0021211150200358686
896,896,896,896,2022-08-25,460.91015625,473.2281188964844,457.1702270507813,-0.026029650721534736,0.008180605336758351
897,897,897,897,2022-08-26,443.70452880859375,472.69384765625,473.0203552246094,-0.061327895405014266,-0.06197582427947579
898,898,898,898,2022-08-29,432.1681823730469,459.0302734375,473.693115234375,-0.058519214567904876,-0.08766209920695667
899,899,899,899,2022-08-30,428.6063537597656,441.3893432617188,481.4994812011719,-0.028960802287366527,-0.10985085032585395
900,900,900,900,2022-08-31,427.201416015625,444.7928466796875,484.042236328125,-0.039549715773038896,-0.1174294638907677
901,901,901,901,2022-09-01,420.9880065917969,460.8309631347656,483.00335693359375,-0.08645893989401288,-0.12839527811050622
902,902,902,902,2022-09-02,415.6056823730469,460.91015625,473.2281188964844,-0.09829350311035401,-0.12176460827773006
903,903,903,903,2022-09-06,414.3194885253906,443.70452880859375,472.69384765625,-0.06622659534737207,-0.1234929530398925
904,904,904,904,2022-09-07,430.6742248535156,432.1681823730469,459.0302734375,-0.0034568891937576396,-0.06177380932119558
905,905,905,905,2022-09-08,434.3844299316406,428.6063537597656,441.3893432617188,0.013481079132843687,-0.015870146021909393
906,906,906,906,2022-09-09,445.2579345703125,427.201416015625,444.7928466796875,0.04226699134823808,0.0010456280807948914
907,907,907,907,2022-09-12,450.5412902832031,420.9880065917969,460.8309631347656,0.0701998233409582,-0.02232851885986098
908,908,908,908,2022-09-13,424.7575988769531,415.6056823730469,460.91015625,0.022020672219037474,-0.07843731990457059
909,909,909,909,2022-09-14,432.207763671875,414.3194885253906,443.70452880859375,0.04317507537516696,-0.02591085821816852
910,910,910,910,2022-09-15,417.6438293457031,430.6742248535156,432.1681823730469,-0.030255805329990393,-0.03360810355725441
911,911,911,911,2022-09-16,418.5144958496094,434.3844299316406,428.6063537597656,-0.03653430691456583,-0.023545749664300897
912,912,912,912,2022-09-19,419.19720458984375,445.2579345703125,427.201416015625,-0.05852951279940277,-0.018736387862273607
913,913,913,913,2022-09-20,413.3894348144531,450.5412902832031,420.9880065917969,-0.08246048979305964,-0.018049378268183203
914,914,914,914,2022-09-21,404.3463439941406,424.7575988769531,415.6056823730469,-0.04805388988161552,-0.027091396620510855
915,915,915,915,2022-09-22,392.5033264160156,432.207763671875,414.3194885253906,-0.09186423889877726,-0.05265540896234733
916,916,916,916,2022-09-23,389.7923583984375,417.6438293457031,430.6742248535156,-0.06668713623974476,-0.09492526855765093
917,917,917,917,2022-09-26,391.6029052734375,418.5144958496094,434.3844299316406,-0.06430264863715107,-0.09848770285098774
918,918,918,918,2022-09-27,396.5202331542969,419.19720458984375,445.2579345703125,-0.054096189543379136,-0.10945947872450379
919,919,919,919,2022-09-28,404.9499206542969,413.3894348144531,450.5412902832031,-0.02041540844880152,-0.1011924336618476
920,920,920,920,2022-09-29,392.6022338867188,404.3463439941406,424.7575988769531,-0.029044679844049792,-0.07570285987879244
921,921,921,921,2022-09-30,383.212890625,392.5033264160156,432.207763671875,-0.02366969950509068,-0.11335953947387001
922,922,922,922,2022-10-03,392.5923156738281,389.7923583984375,417.6438293457031,0.007183202069160455,-0.05998296134560799
923,923,923,923,2022-10-04,407.6410827636719,391.6029052734375,418.5144958496094,0.04095520557753707,-0.02598097125372878
924,924,924,924,2022-10-05,409.1943664550781,396.5202331542969,419.19720458984375,0.03196339616760335,-0.023861891313308514
925,925,925,925,2022-10-06,407.7273559570313,404.9499206542969,413.3894348144531,0.0068587130434469845,-0.013696718833569599
926,926,926,926,2022-10-07,389.5276794433594,392.6022338867188,404.3463439941406,-0.007831219942183387,-0.03664844451022409
927,927,927,927,2022-10-10,384.254150390625,383.212890625,392.5033264160156,0.002717183558013314,-0.02101683086539574
928,928,928,928,2022-10-11,380.1305236816406,392.5923156738281,389.7923583984375,-0.03174232274719546,-0.02478713219647255
929,929,929,929,2022-10-12,384.6705017089844,407.6410827636719,391.6029052734375,-0.0563500148192978,-0.01770263568298236
930,930,930,930,2022-10-13,392.3230590820313,409.1943664550781,396.5202331542969,-0.04123054654736791,-0.01058501867326489
931,931,931,931,2022-10-14,376.7899169921875,407.7273559570313,404.9499206542969,-0.07587776123636936,-0.06953947198362187
932,932,932,932,2022-10-17,400.2135009765625,389.5276794433594,392.6022338867188,0.027432765621363098,0.019386713657976395
933,933,933,933,2022-10-18,405.0806274414063,384.254150390625,383.212890625,0.05419974521969251,0.05706419943426533
934,934,934,934,2022-10-19,398.55810546875,380.1305236816406,392.5923156738281,0.04847698524347521,0.015195890384870347
935,935,935,935,2022-10-20,397.6461486816406,384.6705017089844,407.6410827636719,0.03373184820517583,-0.024518956760365973
936,936,936,936,2022-10-21,413.5361633300781,392.3230590820313,409.1943664550781,0.05407050071867259,0.010610597874584071
937,937,937,937,2022-10-24,414.1111145019531,376.7899169921875,407.7273559570313,0.09905041463872144,0.01565692969003174
938,938,938,938,2022-10-25,428.3059692382813,400.2135009765625,389.5276794433594,0.07019370459309915,0.09955207766065977
939,939,939,939,2022-10-26,420.6831970214844,405.0806274414063,384.254150390625,0.038517195153537465,0.09480456253712899
940,940,940,940,2022-10-27,418.3140258789063,398.55810546875,380.1305236816406,0.049568482334391595,0.10044839816453255
941,941,941,941,2022-10-28,428.0185241699219,397.6461486816406,384.6705017089844,0.0763804090369744,0.1126887096056346
942,942,942,942,2022-10-31,423.7660217285156,413.5361633300781,392.3230590820313,0.024737518276659598,0.08014558899508861
943,943,943,943,2022-11-01,391.3218688964844,414.1111145019531,376.7899169921875,-0.05503171686873731,0.03856778339585509
944,944,944,944,2022-11-02,381.66693115234375,428.3059692382813,400.2135009765625,-0.10889187038154646,-0.0463416895705997
945,945,945,945,2022-11-03,361.8019714355469,420.6831970214844,405.0806274414063,-0.13996571767740562,-0.10683960938645376
946,946,946,946,2022-11-04,358.03521728515625,418.3140258789063,398.55810546875,-0.14409942020734345,-0.1016737274378956
947,947,947,947,2022-11-07,366.8772888183594,428.0185241699219,397.6461486816406,-0.1428471710894682,-0.07737748741008199
948,948,948,948,2022-11-08,379.22845458984375,423.7660217285156,413.5361633300781,-0.1050994295319051,-0.0829618103141575
949,949,949,949,2022-11-09,365.3309020996094,391.3218688964844,414.1111145019531,-0.06641838563780944,-0.11779498471324823
950,950,950,950,2022-11-10,399.7178955078125,381.66693115234375,428.3059692382813,0.047295070340436896,-0.06674684871030667
951,951,951,951,2022-11-11,404.4760437011719,361.8019714355469,420.6831970214844,0.11794870021383286,-0.038525791938119114
952,952,952,952,2022-11-14,394.1866149902344,358.03521728515625,418.3140258789063,0.10097162502393009,-0.05767774780675494
953,953,953,953,2022-11-15,403.46490478515625,366.8772888183594,428.0185241699219,0.09972712152512497,-0.057365786755102954
954,954,954,954,2022-11-16,390.2215881347656,379.22845458984375,423.7660217285156,0.02898815585136294,-0.0791579123237024
955,955,955,955,2022-11-17,378.5444641113281,365.3309020996094,391.3218688964844,0.036168749853293214,-0.03265190576030963
956,956,956,956,2022-11-18,376.7502746582031,399.7178955078125,381.66693115234375,-0.05745957613539088,-0.012882060490009062
957,957,957,957,2022-11-21,371.7245788574219,404.4760437011719,361.8019714355469,-0.08097257020232052,0.02742552060317527
958,958,958,958,2022-11-22,388.8040771484375,394.1866149902344,358.03521728515625,-0.013654796071475461,0.08593808200374742
959,959,959,959,2022-11-23,392.3924865722656,403.46490478515625,366.8772888183594,-0.02744332426828211,0.06954695352248641
960,960,960,960,2022-11-25,389.0419921875,390.2215881347656,379.22845458984375,-0.0030228874647966197,0.025877640453615625
961,961,961,961,2022-11-28,382.2716674804688,378.5444641113281,365.3309020996094,0.009846144171968385,0.0463710167508371
962,962,962,962,2022-11-29,376.3934020996094,376.7502746582031,399.7178955078125,-0.0009472390137406084,-0.058352387196903055
963,963,963,963,2022-11-30,404.0299072265625,371.7245788574219,404.4760437011719,0.08690662443801322,-0.0011029985126609354
964,964,964,964,2022-12-01,412.4358520507813,388.8040771484375,394.1866149902344,0.06078067667310405,0.046295932856571076
965,965,965,965,2022-12-02,404.3569946289063,392.3924865722656,403.46490478515625,0.03049117520357325,0.0022110717268584157
966,966,966,966,2022-12-05,391.6886901855469,389.0419921875,390.2215881347656,0.006803116504634943,0.0037596639842349955
967,967,967,967,2022-12-06,386.3754577636719,382.2716674804688,378.5444641113281,0.0107352718820386,0.02068711708868287
968,968,968,968,2022-12-07,385.2553405761719,376.3934020996094,376.7502746582031,0.023544351274832565,0.022574810133011214
969,969,969,969,2022-12-08,401.81939697265625,404.0299072265625,371.7245788574219,-0.005471155016914864,0.08095998980680119
970,970,970,970,2022-12-09,396.337646484375,412.4358520507813,388.8040771484375,-0.03903202276514073,0.019376261152378227
971,971,971,971,2022-12-12,407.1920166015625,404.3569946289063,392.3924865722656,0.007011185685703358,0.037716140180404034
972,972,972,972,2022-12-13,424.6482543945313,391.6886901855469,389.0419921875,0.08414734720415629,0.0915229279153773
973,973,973,973,2022-12-14,415.2609558105469,386.3754577636719,382.2716674804688,0.07476017812845392,0.08629802084865101
974,974,974,974,2022-12-15,393.0665283203125,385.2553405761719,376.3934020996094,0.020275352270155533,0.0442970735610575
975,975,975,975,2022-12-16,381.6174011230469,401.81939697265625,404.0299072265625,-0.05027630821660933,-0.05547239375759294
976,976,976,976,2022-12-19,380.1701354980469,396.337646484375,412.4358520507813,-0.04079226671939551,-0.07823208480130317
977,977,977,977,2022-12-20,383.6990661621094,407.1920166015625,404.3569946289063,-0.057695017293133644,-0.051088342086812455
978,978,978,978,2022-12-21,389.8944396972656,424.6482543945313,391.6886901855469,-0.08184141660211952,-0.004580807496461836
979,979,979,979,2022-12-22,380.5964050292969,415.2609558105469,386.3754577636719,-0.08347654720773912,-0.014957090618084146
980,980,980,980,2022-12-23,381.1316833496094,393.0665283203125,385.2553405761719,-0.03036342224738442,-0.010703699059422034
981,981,981,981,2022-12-27,379.76373291015625,381.6174011230469,401.81939697265625,-0.00485739960346554,-0.05488949570047985
982,982,982,982,2022-12-28,373.21142578125,380.1701354980469,396.337646484375,-0.01830419874428202,-0.05834979570641596
983,983,983,983,2022-12-29,387.4559631347656,383.6990661621094,407.1920166015625,0.009791259098527405,-0.048468665057617266
984,984,984,984,2022-12-30,385.82037353515625,389.8944396972656,424.6482543945313,-0.010449151737769613,-0.09143539495937958
985,985,985,985,2023-01-03,387.7632141113281,380.5964050292969,415.2609558105469,0.018830469724167687,-0.06621798007844482
986,986,986,986,2023-01-04,388.14984130859375,381.1316833496094,393.0665283203125,0.01841399774824448,-0.012508536488032185
987,987,987,987,2023-01-05,372.3391723632813,379.76373291015625,381.6174011230469,-0.019550472842627786,-0.024312907987059873
988,988,988,988,2023-01-06,383.1439208984375,373.21142578125,380.1701354980469,0.026613587985404363,0.007822248837338952
989,989,989,989,2023-01-09,392.6793518066406,387.4559631347656,383.6990661621094,0.013481244757764133,0.023404502216685552
990,990,990,990,2023-01-10,386.0641479492188,385.82037353515625,389.8944396972656,0.0006318339589714839,-0.009823919907708478
991,991,991,991,2023-01-11,392.6495056152344,387.7632141113281,380.5964050292969,0.012601224990113069,0.031668981699944476
992,992,992,992,2023-01-12,394.03021240234375,388.14984130859375,381.1316833496094,0.015149744938514287,0.03384271005594308
993,993,993,993,2023-01-13,390.5636596679688,372.3391723632813,379.76373291015625,0.04894593063903141,0.028438541708688092
994,994,994,994,2023-01-17,387.5739440917969,383.1439208984375,373.21142578125,0.0115622953979575,0.03848359754924857
995,995,995,995,2023-01-18,383.47174072265625,392.6793518066406,387.4559631347656,-0.023448167166473022,-0.010283032889401134
996,996,996,996,2023-01-19,376.0520324707031,386.0641479492188,385.82037353515625,-0.025933813154368934,-0.025318365059234016
997,997,997,997,2023-01-20,395.3910217285156,392.6495056152344,387.7632141113281,0.006982094906717418,0.019671302845652328
998,998,998,998,2023-01-23,407.2406921386719,394.03021240234375,388.14984130859375,0.03352656552853084,0.04918422938346678
999,999,999,999,2023-01-24,398.8475341796875,390.5636596679688,372.3391723632813,0.021210049390568253,0.07119412563592076
1000,1000,1000,1000,2023-01-25,399.1951904296875,387.5739440917969,383.1439208984375,0.02998459136648801,0.041893577467212006
1001,1001,1001,1001,2023-01-26,409.77349853515625,383.47174072265625,392.6793518066406,0.06858851649129116,0.04353207432442985
1002,1002,1002,1002,2023-01-27,419.7757263183594,376.0520324707031,386.0641479492188,0.11627032982746233,0.08732118366395114
1003,1003,1003,1003,2023-01-30,413.6472778320313,395.3910217285156,392.6495056152344,0.04617266225142269,0.053477139068075275
1004,1004,1004,1004,2023-01-31,419.825439453125,407.2406921386719,394.03021240234375,0.03090247992744266,0.06546509947425494
1005,1005,1005,1005,2023-02-01,432.6187133789063,398.8475341796875,390.5636596679688,0.08467190167961358,0.10767784628679977
1006,1006,1006,1006,2023-02-02,449.116943359375,399.1951904296875,387.5739440917969,0.1250559979842254,0.1587903423481989
1007,1007,1007,1007,2023-02-03,420.9081115722656,409.77349853515625,383.47174072265625,0.02717260407740607,0.09762484917157166
1008,1008,1008,1008,2023-02-06,412.1970825195313,419.7757263183594,376.0520324707031,-0.01805403057793864,0.0961171511595118
1009,1009,1009,1009,2023-02-07,424.7917785644531,413.6472778320313,395.3910217285156,0.026942038131693602,0.07435868601013595
1010,1010,1010,1010,2023-02-08,418.9016418457031,419.825439453125,407.2406921386719,-0.0022004326574998068,0.028634048443912707
1011,1011,1011,1011,2023-02-09,416.9151306152344,432.6187133789063,398.8475341796875,-0.036298898494291576,0.045299506420935165
1012,1012,1012,1012,2023-02-10,410.7369689941406,449.116943359375,399.1951904296875,-0.08545652737604115,0.028912619292907227
1013,1013,1013,1013,2023-02-13,415.2762451171875,420.9081115722656,409.77349853515625,-0.013380275409853204,0.013428751741394462
1014,1014,1014,1014,2023-02-14,419.130126953125,412.1970825195313,419.7757263183594,0.01681973193797459,-0.0015379625946849718
1015,1015,1015,1015,2023-02-15,418.405029296875,424.7917785644531,413.6472778320313,-0.015035011480593163,0.011501952798479875
1016,1016,1016,1016,2023-02-16,405.6116943359375,418.9016418457031,419.825439453125,-0.03172569926250324,-0.033856321655263866
1017,1017,1017,1017,2023-02-17,401.6585388183594,416.9151306152344,432.6187133789063,-0.03659399881784364,-0.071564575463546
1018,1018,1018,1018,2023-02-21,393.5931701660156,410.7369689941406,449.116943359375,-0.041739118029985645,-0.12362876532344558
1019,1019,1019,1019,2023-02-22,403.6450500488281,415.2762451171875,420.9081115722656,-0.02800833229716082,-0.04101384850710721
1020,1020,1020,1020,2023-02-23,409.1080017089844,419.130126953125,412.1970825195313,-0.023911727169308228,-0.007494184072495358
1021,1021,1021,1021,2023-02-24,416.9846801757813,418.405029296875,424.7917785644531,-0.0033946750675549753,-0.018378647569534445
1022,1022,1022,1022,2023-02-27,409.843017578125,405.6116943359375,418.9016418457031,0.01043195573814737,-0.02162470461482402
1023,1023,1023,1023,2023-02-28,404.4396667480469,401.6585388183594,416.9151306152344,0.006924110060922084,-0.029923269632305405
1024,1024,1024,1024,2023-03-01,398.5694580078125,393.5931701660156,410.7369689941406,0.012643227116207134,-0.029623608062661844
1025,1025,1025,1025,2023-03-02,397.6755065917969,403.6450500488281,415.2762451171875,-0.014789091198589288,-0.042383205715086913
1026,1026,1026,1026,2023-03-03,405.7706604003906,409.1080017089844,419.130126953125,-0.008157604580337097,-0.031874269334565164
1027,1027,1027,1027,2023-03-06,409.9324340820313,416.9846801757813,418.405029296875,-0.01691248247004451,-0.020249745155027865
1028,1028,1028,1028,2023-03-07,406.5354919433594,409.843017578125,405.6116943359375,-0.008070225654473018,0.0022775418468501396
1029,1029,1029,1029,2023-03-08,413.8657836914063,404.4396667480469,401.6585388183594,0.023306608422342556,0.030392096005127822
1030,1030,1030,1030,2023-03-09,401.8571472167969,398.5694580078125,393.5931701660156,0.00824872338542293,0.020996240984810566
1031,1031,1031,1031,2023-03-10,389.96771240234375,397.6755065917969,403.6450500488281,-0.01938211949614732,-0.033884566761886115
1032,1032,1032,1032,2023-03-13,388.9247741699219,405.7706604003906,409.1080017089844,-0.04151578187995708,-0.04933471712787396
1033,1033,1033,1033,2023-03-14,405.5520629882813,409.9324340820313,416.9846801757813,-0.010685592867417437,-0.027417355435409574
1034,1034,1034,1034,2023-03-15,403.5854797363281,406.5354919433594,409.843017578125,-0.0072564690303651425,-0.015268133342308476
1035,1035,1035,1035,2023-03-16,415.3358459472656,413.8657836914063,404.4396667480469,0.003552026559787924,0.026941420674265082
1036,1036,1036,1036,2023-03-17,410.9058837890625,401.8571472167969,398.5694580078125,0.022517296593916214,0.030951758930329643
1037,1037,1037,1037,2023-03-20,409.0682678222656,389.96771240234375,397.6755065917969,0.04897983810571249,0.028648385534498333
1038,1038,1038,1038,2023-03-21,419.1897277832031,388.9247741699219,405.7706604003906,0.0778169857599722,0.03307057087264842
1039,1039,1039,1039,2023-03-22,411.42230224609375,405.5520629882813,409.9324340820313,0.014474687206762038,0.003634423724969915
1040,1040,1040,1040,2023-03-23,429.5793151855469,403.5854797363281,406.5354919433594,0.06440726129741114,0.05668342297011075
1041,1041,1041,1041,2023-03-24,426.6790161132813,415.3358459472656,413.8657836914063,0.02731083838946069,0.030959873772578028
1042,1042,1042,1042,2023-03-27,424.0666809082031,410.9058837890625,401.8571472167969,0.03202873854660271,0.055267235745901644
1043,1043,1043,1043,2023-03-28,416.5079040527344,409.0682678222656,389.96771240234375,0.018186784005698398,0.06805740784767367
1044,1044,1044,1044,2023-03-29,430.3739318847656,419.1897277832031,388.9247741699219,0.026680529985092516,0.10657371416698314
1045,1045,1045,1045,2023-03-30,437.128173828125,411.42230224609375,405.5520629882813,0.062480501036755065,0.07785957395254606
1046,1046,1046,1046,2023-03-31,442.82952880859375,429.5793151855469,403.5854797363281,0.030844626718872004,0.09723850594898686
1047,1047,1047,1047,2023-04-03,437.7042846679688,426.6790161132813,415.3358459472656,0.025839725269640068,0.05385626821996792
1048,1048,1048,1048,2023-04-04,436.85009765625,424.0666809082031,410.9058837890625,0.030144827036798105,0.06313906636709521
1049,1049,1049,1049,2023-04-05,436.1944885253906,416.5079040527344,409.0682678222656,0.04726581243981309,0.0663122095672084
1050,1050,1050,1050,2023-04-06,444.5428466796875,430.3739318847656,419.1897277832031,0.03292233507933662,0.06048125041269259
1051,1051,1051,1051,2023-04-10,442.5130004882813,437.128173828125,411.42230224609375,0.012318644696357683,0.07556882082583494
1052,1052,1052,1052,2023-04-11,435.3287963867188,442.82952880859375,429.5793151855469,-0.016938193896091858,0.013383980554763308
1053,1053,1053,1053,2023-04-12,432.9307861328125,437.7042846679688,426.6790161132813,-0.0109057614978052,0.01465216189087526
1054,1054,1054,1054,2023-04-13,439.617431640625,436.85009765625,424.0666809082031,0.006334745028608424,0.03667053185861624
1055,1055,1055,1055,2023-04-14,439.4283447265625,436.1944885253906,416.5079040527344,0.007413794273523067,0.055030025722935916
1056,1056,1056,1056,2023-04-17,437.9059753417969,444.5428466796875,430.3739318847656,-0.014929655009549125,0.01750116096494425
1057,1057,1057,1057,2023-04-18,440.3935546875,442.5130004882813,437.128173828125,-0.0047895673086274515,0.007470076409805904
1058,1058,1058,1058,2023-04-19,443.2791748046875,435.3287963867188,442.82952880859375,0.018262927892567227,0.0010153929827205754
1059,1059,1059,1059,2023-04-20,445.1796875,432.9307861328125,437.7042846679688,0.028292978368671173,0.017078660396714795
1060,1060,1060,1060,2023-04-21,444.1846618652344,439.617431640625,436.85009765625,0.010389101741404394,0.01678965908062091
1061,1061,1061,1061,2023-04-24,440.12493896484375,439.4283447265625,436.1944885253906,0.0015852282781501081,0.009010775108003966
1062,1062,1062,1062,2023-04-25,417.7464904785156,437.9059753417969,444.5428466796875,-0.046036103635138215,-0.060278455499430894
1063,1063,1063,1063,2023-04-26,411.6469421386719,440.3935546875,442.5130004882813,-0.06527482576175869,-0.06975175489884133
1064,1064,1064,1064,2023-04-27,427.03021240234375,443.2791748046875,435.3287963867188,-0.03665627289958562,-0.019062795875793848
1065,1065,1065,1065,2023-04-28,441.746826171875,445.1796875,432.9307861328125,-0.007711181404980394,0.020363624675002745
1066,1066,1066,1066,2023-05-01,440.3139953613281,444.1846618652344,439.617431640625,-0.008714093115355315,0.00158447702608977
1067,1067,1067,1067,2023-05-02,434.2939758300781,440.12493896484375,439.4283447265625,-0.013248427022744536,-0.01168420052575192
1068,1068,1068,1068,2023-05-03,427.5177612304688,417.7464904785156,437.9059753417969,0.023390431696411085,-0.023722476276373694
1069,1069,1069,1069,2023-05-04,420.3534851074219,411.6469421386719,440.3935546875,0.021150510492112584,-0.04550491115679112
1070,1070,1070,1070,2023-05-05,423.8361511230469,427.03021240234375,443.2791748046875,-0.007479707961008275,-0.04386180264436601
1071,1071,1071,1071,2023-05-08,424.771484375,441.746826171875,445.1796875,-0.038427761765673085,-0.04584261972869097
1072,1072,1072,1072,2023-05-09,425.5575256347656,440.3139953613281,444.1846618652344,-0.03351351508700773,-0.041935568311271876
1073,1073,1073,1073,2023-05-10,429.3784790039063,434.2939758300781,440.12493896484375,-0.0113183629056256,-0.024416839423398007
1074,1074,1074,1074,2023-05-11,422.7814025878906,427.5177612304688,417.7464904785156,-0.011078741217548815,0.012052553939130961
1075,1075,1075,1075,2023-05-12,425.4978637695313,420.3534851074219,411.6469421386719,0.012238220555718105,0.03364757566009913
1076,1076,1076,1076,2023-05-15,424.0948486328125,423.8361511230469,427.03021240234375,0.0006103715057814707,-0.006873901855837694
1077,1077,1077,1077,2023-05-16,419.3186645507813,424.771484375,441.746826171875,-0.012837066575318357,-0.050771528604865
1078,1078,1078,1078,2023-05-17,429.716796875,425.5575256347656,440.3139953613281,0.009773699182103135,-0.024067366919899746
1079,1079,1079,1079,2023-05-18,445.4383850097656,429.3784790039063,434.2939758300781,0.037402680365154595,0.02566098034951292
1080,1080,1080,1080,2023-05-19,443.8164978027344,422.7814025878906,427.5177612304688,0.049754069327755834,0.038124115651604784
1081,1081,1081,1081,2023-05-22,451.85638427734375,425.4978637695313,420.3534851074219,0.06194748023949992,0.07494382772125996
1082,1082,1082,1082,2023-05-23,447.5677795410156,424.0948486328125,423.8361511230469,0.05534830471031338,0.05599245924418339
1083,1083,1083,1083,2023-05-24,413.8559265136719,419.3186645507813,424.771484375,-0.0130276529497243,-0.025697482676806938
1084,1084,1084,1084,2023-05-25,411.0499267578125,429.716796875,425.5575256347656,-0.043439935913460404,-0.034090805597465246
1085,1085,1085,1085,2023-05-26,416.35345458984375,445.4383850097656,429.3784790039063,-0.06529506975310229,-0.03033460001134347
1086,1086,1086,1086,2023-05-30,404.0746765136719,443.8164978027344,422.7814025878906,-0.08954561510403058,-0.04424680451815732
1087,1087,1087,1087,2023-05-31,417.0400390625,451.85638427734375,425.4978637695313,-0.07705179438932952,-0.019877478660180636
1088,1088,1088,1088,2023-06-01,420.025146484375,447.5677795410156,424.0948486328125,-0.06153846258746731,-0.009596207455849326
1089,1089,1089,1089,2023-06-02,428.3536071777344,413.8559265136719,419.3186645507813,0.03503074315303678,0.021546721838943794
1090,1090,1090,1090,2023-06-05,440.6423034667969,411.0499267578125,429.716796875,0.07199217122454327,0.02542490000681763
1091,1091,1091,1091,2023-06-06,446.2642517089844,416.35345458984375,445.4383850097656,0.07183991579607807,0.0018540537300140159
1092,1092,1092,1092,2023-06-07,420.2639465332031,404.0746765136719,443.8164978027344,0.04006504480610151,-0.05306821937926198
1093,1093,1093,1093,2023-06-08,421.2590026855469,417.0400390625,451.85638427734375,0.01011644741001616,-0.06771483740510031
1094,1094,1094,1094,2023-06-09,429.4083251953125,420.025146484375,447.5677795410156,0.022339564165324566,-0.04057364085575099
1095,1095,1095,1095,2023-06-12,443.9060363769531,428.3536071777344,413.8559265136719,0.03630745472575336,0.07261007499982863
1096,1096,1096,1096,2023-06-13,445.3289489746094,440.6423034667969,411.0499267578125,0.01063594092292064,0.08339381662752077
1097,1097,1097,1097,2023-06-14,444.0055541992188,446.2642517089844,416.35345458984375,-0.005061345382507798,0.06641496378747602
1098,1098,1098,1098,2023-06-15,454.0455017089844,420.2639465332031,404.0746765136719,0.08038175878385112,0.12366730235722101
1099,1099,1099,1099,2023-06-16,452.7718505859375,421.2590026855469,417.0400390625,0.07480634882458226,0.08567957072841748
1100,1100,1100,1100,2023-06-20,452.871337890625,429.4083251953125,420.025146484375,0.05464033023728776,0.07820053556596251
1101,1101,1101,1101,2023-06-21,448.2941589355469,443.9060363769531,428.3536071777344,0.009885250929247302,0.04655161395556706
1102,1102,1102,1102,2023-06-22,448.6026306152344,445.3289489746094,440.6423034667969,0.00735115390131913,0.018065281262849453
1103,1103,1103,1103,2023-06-23,450.4434814453125,444.0055541992188,446.2642517089844,0.014499654757032854,0.009364921613872479
1104,1104,1104,1104,2023-06-26,451.0504150390625,454.0455017089844,420.2639465332031,-0.006596446080070484,0.07325507876614168
1105,1105,1105,1105,2023-06-27,456.7519836425781,452.7718505859375,421.2590026855469,0.008790592991790191,0.08425453398209126
1106,1106,1106,1106,2023-06-28,457.3489990234375,452.871337890625,429.4083251953125,0.009887269867129289,0.065067843795102
1107,1107,1107,1107,2023-06-29,453.5579223632813,448.2941589355469,443.9060363769531,0.011741762239849463,0.021743083435189048
1108,1108,1108,1108,2023-06-30,455.9161376953125,448.6026306152344,445.3289489746094,0.016302862669458795,0.023773861423293186
1109,1109,1109,1109,2023-07-03,449.3290100097656,450.4434814453125,444.0055541992188,-0.002474164865192252,0.011989615355483263
1110,1110,1110,1110,2023-07-05,455.56787109375,451.0504150390625,454.0455017089844,0.010015412699035497,0.003352900489126176
1111,1111,1111,1111,2023-07-06,449.2593383789063,456.7519836425781,452.7718505859375,-0.01640418768172236,-0.007757797227203045
1112,1112,1112,1112,2023-07-07,446.737548828125,457.3489990234375,452.871337890625,-0.02320208466175888,-0.013544220067160495
1113,1113,1113,1113,2023-07-10,462.8252258300781,453.5579223632813,448.2941589355469,0.020432458589873637,0.03241413390046066
1114,1114,1114,1114,2023-07-11,462.197265625,455.9161376953125,448.6026306152344,0.013776937051272364,0.030304403233483823
1115,1115,1115,1115,2023-07-12,475.2947082519531,449.3290100097656,450.4434814453125,0.05778771827268203,0.05517057706529993
1116,1116,1116,1116,2023-07-13,479.79010009765625,455.56787109375,451.0504150390625,0.053169309209080806,0.06371723448276789
1117,1117,1117,1117,2023-07-14,482.4215087890625,449.2593383789063,456.7519836425781,0.07381520555547616,0.0562001393880569
1118,1118,1118,1118,2023-07-17,489.2294006347656,446.737548828125,457.3489990234375,0.09511591742871084,0.06970694519809006
1119,1119,1119,1119,2023-07-18,493.824462890625,462.8252258300781,453.5579223632813,0.06697827890636177,0.0887792684064106
1120,1120,1120,1120,2023-07-19,498.9378356933594,462.197265625,455.9161376953125,0.07949110217836841,0.0943631831404883
1121,1121,1121,1121,2023-07-20,490.1863098144531,475.2947082519531,449.3290100097656,0.031331300988535205,0.09092958365585946
1122,1122,1122,1122,2023-07-21,490.9238586425781,479.79010009765625,455.56787109375,0.02320547785928828,0.07760860629601396
1123,1123,1123,1123,2023-07-24,486.9169006347656,482.4215087890625,449.2593383789063,0.009318390170842683,0.08382143461222569
1124,1124,1124,1124,2023-07-25,494.861083984375,489.2294006347656,446.737548828125,0.011511334646491678,0.10772216323093264
1125,1125,1125,1125,2023-07-26,495.2497863769531,493.824462890625,462.8252258300781,0.002886295826628249,0.07005789385987216
1126,1126,1126,1126,2023-07-27,494.9208679199219,498.9378356933594,462.197265625,-0.008051038598536508,0.0708000776479536
1127,1127,1127,1127,2023-07-28,510.1812744140625,490.1863098144531,475.2947082519531,0.04079054065622101,0.07339986235154128
1128,1128,1128,1128,2023-07-31,510.041748046875,490.9238586425781,479.79010009765625,0.03894267729655376,0.06305183859162855
1129,1129,1129,1129,2023-08-01,506.8520812988281,486.9169006347656,482.4215087890625,0.04094164864286731,0.050641549070001846
1130,1130,1130,1130,2023-08-02,496.43597412109375,494.861083984375,489.2294006347656,0.0031824893645677754,0.014730458711143868
1131,1131,1131,1131,2023-08-03,495.3694458007813,495.2497863769531,493.824462890625,0.0002416142866079607,0.0031286074835432665
1132,1132,1132,1132,2023-08-04,495.3694458007813,494.9208679199219,498.9378356933594,0.0009063628348198183,-0.007151972925883987
1133,1133,1133,1133,2023-08-07,503.6225891113281,510.1812744140625,490.1863098144531,-0.012855597866203494,0.02741055600259612
1134,1134,1134,1134,2023-08-08,499.1870422363281,510.041748046875,490.9238586425781,-0.021281994762415546,0.016831904679878384
1135,1135,1135,1135,2023-08-09,495.0903625488281,506.8520812988281,486.9169006347656,-0.02320542656125657,0.016786153660731884
1136,1136,1136,1136,2023-08-10,499.8448791503906,496.43597412109375,494.861083984375,0.006866756655442119,0.01007109940003481
1137,1137,1137,1137,2023-08-11,496.1568603515625,495.3694458007813,495.2497863769531,0.0015895500973184262,0.0018315484419391126
1138,1138,1138,1138,2023-08-14,504.1608581542969,495.3694458007813,494.9208679199219,0.017747183295295788,0.018669631517477248
1139,1139,1139,1139,2023-08-15,495.5687561035156,503.6225891113281,510.1812744140625,-0.015991802556005186,-0.02864181623939288
1140,1140,1140,1140,2023-08-16,494.0437316894531,499.1870422363281,510.041748046875,-0.010303373508721902,-0.031366091930089546
1141,1141,1141,1141,2023-08-17,484.8735656738281,495.0903625488281,506.8520812988281,-0.020636226531257407,-0.043362780653241506
1142,1142,1142,1142,2023-08-18,484.3851318359375,499.8448791503906,496.43597412109375,-0.030929090122381098,-0.024274716002383734
1143,1143,1143,1143,2023-08-21,486.6777038574219,496.1568603515625,495.3694458007813,-0.019105160588576697,-0.017545979101131204
1144,1144,1144,1144,2023-08-22,486.31884765625,504.1608581542969,495.3694458007813,-0.03538951945489266,-0.018270400448095248
1145,1145,1145,1145,2023-08-23,499.2368469238281,495.5687561035156,503.6225891113281,0.007401779823961174,-0.00870839053355188
1146,1146,1146,1146,2023-08-24,496.8844909667969,494.0437316894531,499.1870422363281,0.005750015828820176,-0.004612602240667063
1147,1147,1147,1147,2023-08-25,517.3678588867188,484.8735656738281,495.0903625488281,0.0670160130666917,0.044996828908568265
1148,1148,1148,1148,2023-08-28,517.1884765625,484.3851318359375,499.8448791503906,0.06772161771817786,0.0346979595781578
1149,1149,1149,1149,2023-08-29,534.7514038085938,486.6777038574219,496.1568603515625,0.0987793350098809,0.07778697936310763
1150,1150,1150,1150,2023-08-30,538.8281860351562,486.31884765625,504.1608581542969,0.10797306876335999,0.06876243429086193
1151,1151,1151,1151,2023-08-31,540.0541381835938,499.2368469238281,495.5687561035156,0.0817593723525647,0.08976631704922466
1152,1152,1152,1152,2023-09-01,547.81884765625,496.8844909667969,494.0437316894531,0.10250743908377835,0.10884687430990203
1153,1153,1153,1153,2023-09-05,548.7957153320312,517.3678588867188,484.8735656738281,0.060745668493863425,0.13183261407408464
1154,1154,1154,1154,2023-09-06,549.16455078125,517.1884765625,484.3851318359375,0.061826733710850235,0.1337353578541578
1155,1155,1155,1155,2023-09-07,551.81591796875,534.7514038085938,486.6777038574219,0.03191111615344955,0.1338426099963912
1156,1156,1156,1156,2023-09-08,548.7758178710938,538.8281860351562,486.31884765625,0.018461602591978155,0.1284280272414835
1157,1157,1157,1157,2023-09-11,547.5198974609375,540.0541381835938,499.2368469238281,0.013824094196285497,0.09671371581368127
1158,1158,1158,1158,2023-09-12,544.2305908203125,547.81884765625,496.8844909667969,-0.006550079193677338,0.0952859280461611
1159,1159,1159,1159,2023-09-13,540.1937255859375,548.7957153320312,517.3678588867188,-0.015674301941095536,0.0441192206031813
1160,1160,1160,1160,2023-09-14,545.8253784179688,549.16455078125,517.1884765625,-0.006080458686801404,0.05537034012398023
1161,1161,1161,1161,2023-09-15,536.3362426757812,551.81591796875,534.7514038085938,-0.02805224494057701,0.00296369276620867
1162,1162,1162,1162,2023-09-18,533.2761840820312,548.7758178710938,538.8281860351562,-0.02824401747364047,-0.010303844707861609
1163,1163,1163,1163,2023-09-19,527.4750366210938,547.5198974609375,540.0541381835938,-0.03661028746681094,-0.02329229733301974
1164,1164,1164,1164,2023-09-20,521.8931884765625,544.2305908203125,547.81884765625,-0.04104400362736149,-0.04732524134685401
1165,1165,1165,1165,2023-09-21,502.7354736328125,540.1937255859375,548.7957153320312,-0.06934225663671822,-0.08392966711001282
1166,1166,1166,1166,2023-09-22,506.921875,545.8253784179688,549.16455078125,-0.07127463279689827,-0.07692170902356121
1167,1167,1167,1167,2023-09-25,506.6627197265625,536.3362426757812,551.81591796875,-0.055326343044015736,-0.0818265598578557
1168,1168,1168,1168,2023-09-26,501.5592956542969,533.2761840820312,548.7758178710938,-0.0594755388942243,-0.08603972820808214
1169,1169,1169,1169,2023-09-27,506.5929260253906,527.4750366210938,547.5198974609375,-0.03958881301657424,-0.07474974265837853
1170,1170,1170,1170,2023-09-28,510.5799560546875,521.8931884765625,544.2305908203125,-0.02167729464892809,-0.06183157531608763
1171,1171,1171,1171,2023-09-29,509.2841796875,502.7354736328125,540.1937255859375,0.01302614674744551,-0.05721937230002172
1172,1172,1172,1172,2023-10-02,516.1219482421875,506.921875,545.8253784179688,0.018148897682088494,-0.054419291132769
1173,1173,1173,1173,2023-10-03,505.8354187011719,506.6627197265625,536.3362426757812,-0.001632843691039887,-0.05686884746486787
1174,1174,1174,1174,2023-10-04,515.7830810546875,501.5592956542969,533.2761840820312,0.028359130263621912,-0.03280308318560288
1175,1175,1175,1175,2023-10-05,515.5234375,506.5929260253906,527.4750366210938,0.017628575165224092,-0.02265813221731483
1176,1176,1176,1176,2023-10-06,532.4978637695312,510.5799560546875,521.8931884765625,0.04292747385582074,0.020319627707585886
1177,1177,1177,1177,2023-10-09,534.1054077148438,509.2841796875,502.7354736328125,0.0487374809925849,0.06239848931954062
1178,1178,1178,1178,2023-10-10,539.297607421875,516.1219482421875,506.921875,0.0449034559731849,0.06386730188330292
1179,1179,1179,1179,2023-10-11,540.7654418945312,505.8354187011719,506.6627197265625,0.06905412689971135,0.06730852861322312
1180,1180,1180,1180,2023-10-12,542.5926513671875,515.7830810546875,501.5592956542969,0.05197838257447107,0.08181157456041488
1181,1181,1181,1181,2023-10-13,532.2482299804688,515.5234375,506.5929260253906,0.03244235133435369,0.05064283892861199
1182,1182,1182,1182,2023-10-16,540.0864868164062,532.4978637695312,510.5799560546875,0.01425099247000805,0.05779022543250467
1183,1183,1183,1183,2023-10-17,537.9696655273438,534.1054077148438,509.2841796875,0.007235009712845075,0.05632510685379111
1184,1184,1184,1184,2023-10-18,526.626708984375,539.297607421875,516.1219482421875,-0.023495187560859998,0.020353253292104023
1185,1185,1185,1185,2023-10-19,520.735595703125,540.7654418945312,505.8354187011719,-0.03703980439510557,0.029456571151565747
1186,1186,1186,1186,2023-10-20,506.0477294921875,542.5926513671875,515.7830810546875,-0.06735240844658807,-0.018874895125665758
1187,1187,1187,1187,2023-10-23,503.27191162109375,532.2482299804688,515.5234375,-0.054441361618879025,-0.023765216065285588
1188,1188,1188,1188,2023-10-24,505.0592346191406,540.0864868164062,532.4978637695312,-0.06485489463685212,-0.051528148781956884
1189,1189,1189,1189,2023-10-25,482.3034973144531,537.9696655273438,534.1054077148438,-0.10347454843633974,-0.09698817808646376
1190,1190,1190,1190,2023-10-26,478.7288818359375,526.626708984375,539.297607421875,-0.09095214187068246,-0.11231039179922886
1191,1191,1191,1191,2023-10-27,478.79876708984375,520.735595703125,540.7654418945312,-0.08053382361283734,-0.11459067093413344
1192,1192,1192,1192,2023-10-30,486.7667541503906,506.0477294921875,542.5926513671875,-0.03810110038660797,-0.10288730795769285
1193,1193,1193,1193,2023-10-31,494.20556640625,503.27191162109375,532.2482299804688,-0.018014804731780187,-0.07147541585176287
1194,1194,1194,1194,2023-11-01,488.4342651367188,505.0592346191406,540.0864868164062,-0.03291687062203408,-0.09563694508291931
1195,1195,1195,1195,2023-11-02,499.5974426269531,482.3034973144531,537.9696655273438,0.03585697679738087,-0.07132785612136017
1196,1196,1196,1196,2023-11-03,497.7602233886719,478.7288818359375,526.626708984375,0.03975390304371995,-0.0548139414565082
1197,1197,1197,1197,2023-11-06,499.7472229003906,478.79876708984375,520.735595703125,0.04375210892432402,-0.04030523931131447
1198,1198,1198,1198,2023-11-07,513.1370239257812,486.7667541503906,506.0477294921875,0.05417434438680524,0.014009141866336838
1199,1199,1199,1199,2023-11-08,521.5942993164062,494.20556640625,503.27191162109375,0.05541971756676256,0.03640653744472666
1200,1200,1200,1200,2023-11-09,513.7660522460938,488.4342651367188,505.0592346191406,0.05186324735486014,0.0172392009296074
1201,1201,1201,1201,2023-11-10,528.0945434570312,499.5974426269531,482.3034973144531,0.05704012550632043,0.0949423887605012
1202,1202,1202,1202,2023-11-13,531.3795776367188,497.7602233886719,478.7288818359375,0.06754126317923048,0.10998019505082812
1203,1203,1203,1203,2023-11-14,554.6845092773438,499.7472229003906,478.79876708984375,0.10993014840205162,0.1584919331533292
1204,1204,1204,1204,2023-11-15,554.7044067382812,513.1370239257812,486.7667541503906,0.08100639960548284,0.13956921258205068
1205,1205,1205,1205,2023-11-16,556.1123046875,521.5942993164062,494.20556640625,0.06617788080953435,0.1252651578399282
1206,1206,1206,1206,2023-11-17,559.3174438476562,513.7660522460938,488.4342651367188,0.08866173894211182,0.14512327199463848
1207,1207,1207,1207,2023-11-20,563.6509399414062,528.0945434570312,499.5974426269531,0.06732960399782661,0.12821021856647397
1208,1208,1208,1208,2023-11-21,561.3344116210938,531.3795776367188,497.7602233886719,0.056371820154619945,0.127720507274806
1209,1209,1209,1209,2023-11-22,563.38134765625,554.6845092773438,499.7472229003906,0.01567889175458803,0.12733262305400128
1210,1210,1210,1210,2023-11-24,563.2216186523438,554.7044067382812,513.1370239257812,0.015354505590003509,0.09760471841105467
1211,1211,1211,1211,2023-11-27,560.3858642578125,556.1123046875,521.5942993164062,0.007684706010441467,0.07437114437839121
1212,1212,1212,1212,2023-11-28,564.2200927734375,559.3174438476562,513.7660522460938,0.00876541395178898,0.0982043097374139
1213,1213,1213,1213,2023-11-29,576.36181640625,563.6509399414062,528.0945434570312,0.022550971823386057,0.09139892382384751
1214,1214,1214,1214,2023-11-30,570.6005249023438,561.3344116210938,531.3795776367188,0.01650729598866052,0.07380966246399234
1215,1215,1215,1215,2023-12-01,573.4561767578125,563.38134765625,554.6845092773438,0.01788278781943231,0.03384206186851135
1216,1216,1216,1216,2023-12-04,569.6119384765625,563.2216186523438,554.7044067382812,0.011346013030375746,0.02687473104087834
1217,1217,1217,1217,2023-12-05,570.9200439453125,560.3858642578125,556.1123046875,0.018798082463146626,0.02662724621087742
1218,1218,1218,1218,2023-12-06,565.3783569335938,564.2200927734375,559.3174438476562,0.00205285876024508,0.010836266868852196
1219,1219,1219,1219,2023-12-07,570.6304321289062,576.36181640625,563.6509399414062,-0.009944073521525487,0.012382649780066979
1220,1220,1220,1220,2023-12-08,573.036865234375,570.6005249023438,561.3344116210938,0.004269782844045222,0.02084756140191968
1221,1221,1221,1221,2023-12-11,585.777587890625,573.4561767578125,563.38134765625,0.02148622969321723,0.03975325119929285
1222,1222,1222,1222,2023-12-12,593.2863159179688,569.6119384765625,563.2216186523438,0.04156229152205593,0.053379870853613065
1223,1223,1223,1223,2023-12-13,609.3021850585938,570.9200439453125,560.3858642578125,0.0672285752100128,0.08729042597383696
1224,1224,1224,1224,2023-12-14,600.2757568359375,565.3783569335938,564.2200927734375,0.061723975589752955,0.06390354495400463
1225,1225,1225,1225,2023-12-15,607.5947875976562,570.6304321289062,576.36181640625,0.06477810047887478,0.05418986876360243
1226,1226,1226,1226,2023-12-18,617.4998168945312,573.036865234375,570.6005249023438,0.07759178223545993,0.08219286514013313
1227,1227,1227,1227,2023-12-19,620.5253295898438,585.777587890625,573.4561767578125,0.05931900164419868,0.08207977303191538
1228,1228,1228,1228,2023-12-20,614.783935546875,593.2863159179688,569.6119384765625,0.036234814544211735,0.07930310799160178
1229,1229,1229,1229,2023-12-21,620.0559692382812,609.3021850585938,570.9200439453125,0.017649344518029908,0.08606446001338042
1230,1230,1230,1230,2023-12-22,623.13134765625,600.2757568359375,565.3783569335938,0.0380751522280105,0.10214927758446124
1231,1231,1231,1231,2023-12-26,623.91015625,607.5947875976562,570.6304321289062,0.026852384163551513,0.09336993108187008
1232,1232,1232,1232,2023-12-27,628.1737670898438,617.4998168945312,573.036865234375,0.017285754429843925,0.09621876915880012
1233,1233,1233,1233,2023-12-28,627.075439453125,620.5253295898438,585.777587890625,0.010555749380304569,0.07050090753934923
1234,1234,1234,1234,2023-12-29,624.0899658203125,614.783935546875,593.2863159179688,0.01513707456451252,0.0519203781983113
1235,1235,1235,1235,2024-01-02,602.8519287109375,620.0559692382812,609.3021850585938,-0.02774594775448802,-0.01058630102735636
1236,1236,1236,1236,2024-01-03,590.2509155273438,623.13134765625,600.2757568359375,-0.05276645486152742,-0.01670039343490204
1237,1237,1237,1237,2024-01-04,585.9373779296875,623.91015625,607.5947875976562,-0.060862574426656435,-0.03564449549279225
1238,1238,1238,1238,2024-01-05,588.1340942382812,628.1737670898438,617.4998168945312,-0.06373980409442326,-0.04755584026556181
1239,1239,1239,1239,2024-01-08,597.47998046875,627.075439453125,620.5253295898438,-0.0471960104356588,-0.03713845031326335
1240,1240,1240,1240,2024-01-09,605.1799926757812,624.0899658203125,614.783935546875,-0.03030007559835657,-0.015621655537486734
1241,1241,1241,1241,2024-01-10,608.7000122070312,602.8519287109375,620.0559692382812,0.009700696336160997,-0.018314406432052288
1242,1242,1242,1242,2024-01-11,608.7100219726562,590.2509155273438,623.13134765625,0.031273321158376666,-0.02314331599242425
1243,1243,1243,1243,2024-01-12,611.7999877929688,585.9373779296875,623.91015625,0.04413886336226325,-0.01941011592088704
1244,1244,1244,1244,2024-01-16,603.8300170898438,588.1340942382812,628.1737670898438,0.02668766018724189,-0.03875321013925481
1245,1245,1245,1245,2024-01-17,599.8400268554688,597.47998046875,627.075439453125,0.003950000776372864,-0.043432433937148573
1246,1246,1246,1246,2024-01-18,611.3599853515625,605.1799926757812,624.0899658203125,0.010211825821367038,-0.020397668871374286
1247,1247,1247,1247,2024-01-19,622.1799926757812,608.7000122070312,602.8519287109375,0.022145523572234094,0.03206104690777467
1248,1248,1248,1248,2024-01-22,630.6099853515625,608.7100219726562,590.2509155273438,0.03597766192173846,0.0683761240559213
1249,1249,1249,1249,2024-01-23,635.8200073242188,611.7999877929688,585.9373779296875,0.03926122917704,0.08513303856938315
1250,1250,1250,1250,2024-01-24,636.1799926757812,603.8300170898438,588.1340942382812,0.05357463966738196,0.0816920816327209
1251,1251,1251,1251,2024-01-25,641.489990234375,599.8400268554688,597.47998046875,0.06943511855527063,0.07365938810384431
1252,1252,1252,1252,2024-01-26,641.3599853515625,611.3599853515625,605.1799926757812,0.04907092501768573,0.05978385457822677
1253,1253,1253,1253,2024-01-29,652.8800048828125,622.1799926757812,608.7000122070312,0.04934265416507699,0.07258089664824041
1254,1254,1254,1254,2024-01-30,647.719970703125,630.6099853515625,608.7100219726562,0.02713243644885166,0.06408625999625994
1255,1255,1255,1255,2024-01-31,631.3300170898438,635.8200073242188,611.7999877929688,-0.007061731594874887,0.03192224531963195
1256,1256,1256,1256,2024-02-01,632.8599853515625,636.1799926757812,603.8300170898438,-0.005218660382975471,0.0480763914348421
1257,1257,1257,1257,2024-02-02,639.5800170898438,641.489990234375,599.8400268554688,-0.0029774013213104134,0.06625098102022853
1258,1258,1258,1258,2024-02-05,630.5999755859375,641.3599853515625,611.3599853515625,-0.016776864805070235,0.03147080393773405
